uptoDet2T=1000
indices=[
(1,1,1,1,116,49,-233,277,minc),
(1,0,1,1,60,13,-120,277,minc),
(1,1,2,1,150,2,-47,277,minc),
(1,0,3,1,107,7,-88,277,minc),
(2,2,2,1,116,98,-466,554,minc),
(1,0,4,1,30,52,-240,277,minc),
(2,0,2,1,60,26,-240,554,minc),
(1,1,5,1,52,1,33,277,minc),
(1,1,6,1,152,12,-163,554,minc),
(2,1,3,1,27,24,-163,277,minc),
(2,1,3,1,65,69,-391,554,minc),
(1,1,7,1,129,19,-145,277,minc),
(3,3,3,1,116,147,-699,831,minc),
(1,0,7,1,112,8,94,277,minc),
(2,2,4,1,150,4,-94,554,minc),
(1,0,9,1,20,34,194,277,minc),
(2,2,5,1,130,17,-194,554,minc),
(3,0,3,1,60,39,-360,831,minc),
(1,1,10,1,21,16,133,277,minc),
(2,1,5,1,42,80,-421,554,minc),
(2,1,5,1,124,8,-133,554,minc),
(3,3,4,1,224,142,-687,831,minc),
(1,0,10,1,103,11,156,554,minc),
(2,0,5,1,71,22,-156,277,minc),
(1,1,12,1,105,194,803,831,minc),
(2,1,6,1,113,28,305,831,minc),
(2,1,6,1,210,28,249,554,minc),
(3,1,4,1,31,56,-249,277,minc),
(3,1,4,1,38,42,-305,554,minc),
(1,0,12,1,85,28,176,277,minc),
(2,0,6,1,107,14,-176,554,minc),
(3,0,4,1,22,43,378,831,minc),
(4,4,4,1,116,196,-932,1108,minc),
(1,0,13,1,74,62,-262,277,minc),
(2,2,7,1,179,31,262,554,minc),
(1,1,14,1,16,91,-449,554,minc),
(2,1,7,1,32,98,659,1108,minc),
(2,1,7,1,47,10,-105,277,minc),
(4,3,4,1,82,5,-105,554,minc),
(1,1,15,1,44,35,341,831,minc),
(3,1,5,1,34,41,213,277,minc),
(3,1,5,1,132,177,-767,831,minc),
(1,1,16,1,39,18,-141,277,minc),
(2,1,8,1,78,9,-141,554,minc),
(2,1,8,1,95,77,-413,554,minc),
(3,3,6,1,150,6,-141,831,minc),
(4,1,4,1,156,109,-695,1108,minc),
(1,0,16,1,15,89,628,1108,minc),
(2,0,8,1,30,104,-480,554,minc),
(4,0,4,1,60,52,-480,1108,minc),
(4,4,5,1,7,5,-74,277,minc),
(1,1,17,1,4,17,-137,277,minc),
(1,1,18,1,234,87,439,554,minc),
(2,1,9,1,191,101,-669,1108,minc),
(2,1,9,1,209,12,115,277,minc),
(3,1,6,1,148,58,439,831,minc),
(3,1,6,1,175,3,115,1108,minc),
(4,3,5,1,99,4,115,831,minc),
(4,3,5,1,122,6,-115,554,minc),
(1,1,19,1,188,1,57,831,minc),
(3,3,7,1,83,3,-57,277,minc),
(5,5,5,1,116,245,-1165,1385,minc),
(1,0,19,1,42,1,66,1108,minc),
(2,2,10,1,52,2,66,554,minc),
(4,2,5,1,104,4,66,277,minc),
(4,2,5,1,228,245,1042,1108,minc),
(1,1,20,1,199,130,-759,1108,minc),
(2,1,10,1,121,55,349,554,minc),
(2,1,10,1,239,184,-903,1108,minc),
(4,1,5,1,201,19,205,554,minc),
(4,1,5,1,242,38,-205,277,minc),
(1,1,21,1,35,33,191,277,minc),
(3,1,7,1,105,11,191,831,minc),
(3,1,7,1,251,167,-745,831,minc),
(1,0,21,1,52,1,32,277,minc),
(2,2,11,1,74,123,-522,554,minc),
(3,0,7,1,121,82,522,831,minc),
(5,4,5,1,169,62,-586,1385,minc),
(1,1,22,1,27,91,-635,1108,minc),
(2,1,11,1,54,101,473,554,minc),
(2,1,11,1,97,2,81,831,minc),
(3,3,8,1,64,3,81,554,minc),
(4,3,6,1,145,238,1027,1108,minc),
(4,3,6,1,270,6,81,277,minc),
(1,0,22,1,136,89,-444,554,minc),
(2,0,11,1,5,11,-110,277,minc),
(1,1,23,1,40,29,-179,277,minc),
(5,3,5,1,73,97,-733,1385,minc),
(1,0,23,1,17,32,326,831,minc),
(2,2,12,1,152,24,-326,1108,minc),
(3,2,8,1,118,47,-228,277,minc),
(3,2,8,1,228,184,782,831,minc),
(4,2,6,1,27,48,-326,554,minc),
(4,2,6,1,65,138,-782,1108,minc),
(1,0,25,1,12,1,-46,554,minc),
(2,2,13,1,23,2,-46,277,minc),
(5,0,5,1,60,65,-600,1385,minc),
(1,0,27,1,128,63,-264,277,minc),
(2,2,14,1,129,38,-290,554,minc),
(3,0,9,1,107,21,-264,831,minc),
(4,2,7,1,177,151,-818,1108,minc),
(4,2,7,1,258,19,-290,1108,minc),
(6,6,6,1,116,294,-1398,1662,minc),
(1,0,28,1,56,32,188,277,minc),
(2,0,14,1,112,16,188,554,minc),
(4,0,7,1,53,191,920,1108,minc),
(4,4,8,1,150,8,-188,1108,minc),
(1,0,29,1,70,30,-182,277,minc),
(2,2,15,1,6,15,-182,554,minc),
(3,2,10,1,9,10,-182,831,minc),
(3,2,10,1,157,163,736,831,minc),
(5,2,6,1,15,6,-182,1385,minc),
(5,2,6,1,77,25,-372,1385,minc),
(1,0,30,1,61,34,-336,831,minc),
(2,0,15,1,122,143,-890,1385,minc),
(3,0,10,1,94,43,-218,277,minc),
(5,0,6,1,28,51,-336,554,minc),
(1,1,31,1,137,31,-185,277,minc),
(3,3,11,1,67,41,-369,831,minc),
(1,1,33,1,5,33,-331,831,minc),
(3,1,11,1,15,109,777,1385,minc),
(3,1,11,1,136,45,-223,277,minc),
(5,3,7,1,63,9,223,1385,minc),
(5,3,7,1,174,15,-223,831,minc),
(1,0,34,1,67,83,-678,1385,minc),
(2,0,17,1,134,274,-1232,1385,minc),
(5,2,7,1,167,14,-124,277,minc),
(5,2,7,1,268,7,124,554,minc),
(1,0,36,1,10,117,-720,1108,minc),
(2,0,18,1,20,68,388,554,minc),
(3,0,12,1,30,156,-720,831,minc),
(4,0,9,1,40,25,-166,277,minc),
(4,4,10,1,130,34,-388,1108,minc),
(5,4,8,1,24,293,1274,1385,minc),
(5,4,8,1,114,5,-166,1385,minc),
(6,0,6,1,60,78,-720,1662,minc),
(1,1,37,1,37,1,31,277,minc),
(3,3,13,1,20,103,585,831,minc),
(7,7,7,1,116,343,-1631,1939,minc),
(1,1,39,1,82,195,805,831,minc),
(3,1,13,1,244,117,-805,1385,minc),
(3,1,13,1,246,57,251,277,minc),
(5,5,9,1,106,19,-251,831,minc),
(1,0,39,1,25,64,266,277,minc),
(2,2,20,1,21,32,266,554,minc),
(3,0,13,1,75,25,-288,831,minc),
(4,2,10,1,42,160,-842,1108,minc),
(4,2,10,1,124,16,-266,1108,minc),
(5,2,8,1,155,15,288,1385,minc),
(5,2,8,1,191,128,-842,1385,minc),
(6,6,8,1,224,284,-1374,1662,minc),
(1,0,40,1,87,329,1350,1385,minc),
(2,0,20,1,103,22,312,1108,minc),
(4,0,10,1,71,44,-312,554,minc),
(4,4,11,1,14,235,1350,1939,minc),
(5,0,8,1,119,53,-242,277,minc),
(7,6,7,1,96,143,-796,1108,minc),
(1,0,41,1,113,90,706,1385,minc),
(2,2,21,1,181,165,-956,1385,minc),
(3,2,14,1,133,343,-1510,1662,minc),
(3,2,14,1,223,150,-706,831,minc),
(5,4,9,1,39,21,-152,277,minc),
(5,4,9,1,176,73,-402,554,minc),
(6,2,7,1,169,75,-706,1662,minc),
(6,2,7,1,266,7,152,831,minc),
(1,1,43,1,72,55,-653,1939,minc),
(3,3,15,1,52,3,99,831,minc),
(5,3,9,1,179,77,653,1385,minc),
(5,3,9,1,190,263,-1207,1385,minc),
(7,5,7,1,165,9,-99,277,minc),
(1,1,44,1,161,464,1897,1939,minc),
(2,1,22,1,45,23,-319,1108,minc),
(2,1,22,1,169,172,873,1108,minc),
(4,1,11,1,61,25,-235,554,minc),
(4,1,11,1,90,46,-319,554,minc),
(5,5,10,1,150,10,-235,1385,minc),
(7,7,8,1,158,50,235,277,minc),
(1,1,47,1,58,1,87,1939,minc),
(7,3,7,1,6,7,-87,277,minc),
(1,0,47,1,89,1,-56,831,minc),
(2,2,24,1,105,388,1606,1662,minc),
(3,2,16,1,19,32,498,1939,minc),
(3,2,16,1,154,3,56,277,minc),
(4,2,12,1,113,56,610,1662,minc),
(4,2,12,1,210,56,498,1108,minc),
(6,2,8,1,31,112,-498,554,minc),
(6,2,8,1,38,84,-610,1108,minc),
(7,6,8,1,100,112,610,831,minc),
(7,6,8,1,107,48,-610,1939,minc),
(1,1,48,1,12,1,-45,554,minc),
(2,1,24,1,24,255,1063,1108,minc),
(2,1,24,1,126,2,45,277,minc),
(3,1,16,1,36,200,-1153,1662,minc),
(3,1,16,1,189,170,-1063,1662,minc),
(4,1,12,1,48,54,-599,1662,minc),
(4,1,12,1,252,117,-509,554,minc),
(5,3,10,1,53,240,1153,1385,minc),
(5,3,10,1,196,39,509,1662,minc),
(6,1,8,1,72,81,-599,1108,minc),
(6,1,8,1,101,108,599,831,minc),
(6,5,9,1,28,78,-509,831,minc),
(6,5,9,1,33,204,1063,1385,minc),
(1,0,48,1,96,129,756,1108,minc),
(2,0,24,1,85,56,352,554,minc),
(3,0,16,1,11,16,-352,1939,minc),
(4,0,12,1,107,28,-352,1108,minc),
(4,4,13,1,56,37,202,277,minc),
(6,0,8,1,22,86,756,1662,minc),
(7,2,7,1,25,172,756,831,minc),
(8,8,8,1,116,392,-1864,2216,minc),
(1,0,49,1,31,65,-268,277,minc),
(2,2,25,1,50,37,-286,554,minc),
(5,2,10,1,41,122,-822,1385,minc),
(5,2,10,1,125,13,268,1385,minc),
(7,0,7,1,60,91,-840,1939,minc),
(1,1,51,1,45,207,-1267,1939,minc),
(3,1,17,1,135,153,-713,831,minc),
(3,1,17,1,256,47,-395,831,minc),
(7,7,9,1,70,23,-159,277,minc),
(1,1,52,1,26,1,65,1108,minc),
(2,1,26,1,52,2,65,554,minc),
(2,1,26,1,193,27,489,2216,minc),
(3,3,18,1,152,36,-489,1662,minc),
(4,1,13,1,104,4,65,277,minc),
(4,1,13,1,109,54,489,1108,minc),
(6,3,9,1,27,72,-489,831,minc),
(6,3,9,1,65,207,-1173,1662,minc),
(8,7,8,1,134,108,-489,554,minc),
(1,0,52,1,37,1,30,277,minc),
(2,0,26,1,74,124,-524,554,minc),
(4,0,13,1,129,77,-584,1108,minc),
(4,4,14,1,179,62,524,1108,minc),
(7,4,8,1,171,44,584,1939,minc),
(7,4,8,1,244,167,-1138,1939,minc),
(1,1,53,1,177,1,73,1385,minc),
(5,3,11,1,198,5,73,277,minc),
(5,3,11,1,255,71,-627,1385,minc),
(1,1,54,1,165,54,-647,1939,minc),
(2,1,27,1,53,63,-647,1662,minc),
(2,1,27,1,265,2,93,1108,minc),
(3,1,18,1,218,48,461,1108,minc),
(3,1,18,1,259,32,-461,1662,minc),
(4,3,14,1,23,4,-93,554,minc),
(4,3,14,1,234,126,647,831,minc),
(5,5,12,1,19,217,1201,1662,minc),
(6,1,9,1,159,96,461,554,minc),
(6,1,9,1,241,186,-1015,1385,minc),
(6,5,10,1,189,186,1201,1939,minc),
(6,5,10,1,226,64,461,831,minc),
(7,3,8,1,248,155,1015,1662,minc),
(7,3,8,1,271,8,93,277,minc),
(1,0,55,1,124,224,1318,1939,minc),
(2,2,28,1,16,182,-898,1108,minc),
(4,2,14,1,32,196,1318,2216,minc),
(4,2,14,1,47,20,-210,554,minc),
(5,0,11,1,66,104,-898,1939,minc),
(7,2,8,1,13,8,-210,1385,minc),
(7,2,8,1,56,40,210,277,minc),
(8,6,8,1,82,10,-210,1108,minc),
(1,0,57,1,119,66,-270,277,minc),
(2,2,29,1,167,33,-270,554,minc),
(3,0,19,1,80,22,-270,831,minc),
(6,6,11,1,12,11,-270,1662,minc),
(1,0,59,1,13,84,682,1385,minc),
(2,2,30,1,44,70,682,1662,minc),
(3,2,20,1,17,41,426,1108,minc),
(3,2,20,1,66,3,128,1385,minc),
(4,2,15,1,88,197,1236,1939,minc),
(4,2,15,1,115,140,-682,831,minc),
(5,2,12,1,110,15,128,277,minc),
(5,2,12,1,213,5,-128,831,minc),
(6,2,10,1,34,82,426,554,minc),
(6,2,10,1,132,354,-1534,1662,minc),
(7,4,9,1,85,105,682,1108,minc),
(7,4,9,1,130,60,-682,1939,minc),
(1,1,61,1,60,307,1543,1939,minc),
(3,3,21,1,129,57,-435,831,minc),
(7,3,9,1,24,409,1781,1939,minc),
(7,3,9,1,68,13,-119,277,minc),
(9,9,9,1,116,441,-2097,2493,minc),
(1,1,62,1,155,118,723,1108,minc),
(2,1,31,1,33,59,723,2216,minc),
(2,1,31,1,101,67,385,554,minc),
(4,3,16,1,161,199,939,1108,minc),
(4,3,16,1,237,26,169,277,minc),
(8,3,8,1,45,13,-169,554,minc),
(1,0,62,1,90,1,-80,1662,minc),
(2,0,31,1,97,2,80,831,minc),
(3,2,21,1,64,3,80,554,minc),
(3,2,21,1,81,29,474,1939,minc),
(6,4,11,1,79,6,-80,277,minc),
(6,4,11,1,248,182,1188,1939,minc),
(7,2,9,1,57,121,634,831,minc),
(7,2,9,1,189,159,1028,1662,minc),
(1,0,63,1,55,67,272,277,minc),
(2,2,32,1,39,36,-282,554,minc),
(3,0,21,1,112,24,282,831,minc),
(4,2,16,1,78,18,-282,1108,minc),
(4,2,16,1,95,154,-826,1108,minc),
(6,6,12,1,150,12,-282,1662,minc),
(7,0,9,1,108,88,826,1939,minc),
(8,2,8,1,156,218,-1390,2216,minc),
(8,6,9,1,200,77,826,2216,minc),
(8,6,9,1,261,9,282,2216,minc),
(1,1,64,1,11,196,807,831,minc),
(2,1,32,1,22,98,807,1662,minc),
(2,1,32,1,229,110,855,1662,minc),
(3,3,22,1,119,58,-253,277,minc),
(4,1,16,1,44,84,807,1939,minc),
(4,1,16,1,181,256,1409,1939,minc),
(5,5,14,1,88,209,-1361,2216,minc),
(6,3,11,1,215,29,253,554,minc),
(6,3,11,1,238,41,301,554,minc),
(7,5,10,1,181,147,807,1108,minc),
(7,5,10,1,234,165,855,1108,minc),
(8,1,8,1,85,132,855,1385,minc),
(1,0,64,1,131,89,-702,1385,minc),
(2,0,32,1,15,178,1256,2216,minc),
(4,0,16,1,30,208,-960,1108,minc),
(4,4,17,1,77,4,148,1385,minc),
(5,2,13,1,186,20,148,277,minc),
(5,2,13,1,240,5,-148,1108,minc),
(8,0,8,1,60,104,-960,2216,minc),
(8,8,10,1,7,10,-148,554,minc),
(1,0,66,1,16,313,-1558,1939,minc),
(2,0,33,1,32,2,104,1385,minc),
(3,0,22,1,48,130,-1004,1939,minc),
(5,4,14,1,194,5,104,554,minc),
(5,4,14,1,241,221,-1212,1662,minc),
(6,0,11,1,96,182,-1004,1385,minc),
(7,4,10,1,5,10,-104,277,minc),
(7,4,10,1,50,61,-450,831,minc),
(1,1,67,1,99,1,29,277,minc),
(3,3,23,1,121,83,525,831,minc),
(1,0,67,1,93,68,-274,277,minc),
(2,2,34,1,4,34,-274,554,minc),
(4,2,17,1,8,17,-274,1108,minc),
(4,2,17,1,220,157,-834,1108,minc),
(1,0,69,1,2,69,-276,277,minc),
(2,2,35,1,91,35,-278,554,minc),
(3,0,23,1,6,23,-276,831,minc),
(5,2,14,1,89,125,-832,1385,minc),
(5,2,14,1,267,14,278,1385,minc),
(6,6,13,1,53,289,1386,1662,minc),
(7,2,10,1,180,247,1384,1939,minc),
(7,2,10,1,263,10,278,1939,minc),
(1,0,70,1,63,1,44,554,minc),
(2,0,35,1,126,2,44,277,minc),
(5,0,14,1,38,146,-1064,1939,minc),
(7,0,10,1,113,47,510,1385,minc),
(1,0,71,1,53,87,-878,2216,minc),
(2,2,36,1,234,174,878,1108,minc),
(3,2,24,1,74,185,-784,831,minc),
(3,2,24,1,226,111,784,1385,minc),
(4,2,18,1,191,202,-1338,2216,minc),
(4,2,18,1,209,24,230,554,minc),
(5,4,15,1,26,445,1986,2216,minc),
(5,4,15,1,103,16,230,831,minc),
(6,2,12,1,148,116,878,1662,minc),
(6,2,12,1,175,6,230,2216,minc),
(8,2,9,1,105,19,324,1385,minc),
(8,2,9,1,141,48,230,277,minc),
(8,6,10,1,99,8,230,1662,minc),
(8,6,10,1,122,12,-230,1108,minc),
(1,1,72,1,14,128,753,1108,minc),
(2,1,36,1,28,57,-355,554,minc),
(2,1,36,1,72,64,-753,2216,minc),
(3,1,24,1,42,276,-1463,1939,minc),
(3,1,24,1,108,257,-1307,1662,minc),
(4,1,18,1,56,36,199,277,minc),
(4,1,18,1,144,459,2017,2216,minc),
(6,1,12,1,84,19,-355,1662,minc),
(6,1,12,1,216,38,355,831,minc),
(6,5,13,1,114,6,-199,1662,minc),
(6,5,13,1,120,322,-1463,1662,minc),
(7,7,12,1,8,12,-199,831,minc),
(8,1,9,1,11,9,-199,1108,minc),
(8,1,9,1,112,18,199,554,minc),
(1,0,74,1,84,330,-1352,1385,minc),
(2,0,37,1,109,37,-8066,439599,),
(3,2,25,1,27,25,-1352,18282,),
(3,2,25,1,261,25,-13052,1703550,),
(5,2,15,1,45,15,-1352,30470,),
(5,2,15,1,158,15,-4742,374781,),
(6,4,13,1,97,13,-2526,122711,),
(6,4,13,1,201,13,-5230,526023,),
(9,8,10,1,178,10,-3568,318273,),
(9,8,10,1,209,10,-4188,438491,),
(1,1,75,1,89,75,-13351,594165,),
(3,1,25,1,154,25,-7701,593057,),
(3,1,25,1,267,25,-13351,1782495,),
(5,1,15,1,72,15,-2161,77837,),
(5,1,15,1,168,15,-5041,423533,),
(7,3,11,1,224,11,-4931,552615,),
(7,3,11,1,229,11,-5041,577545,),
(9,5,9,1,89,9,-1607,71743,),
(1,0,75,1,34,75,-5100,86701,),
(2,2,38,1,188,38,-14290,1343450,),
(3,0,25,1,102,25,-5100,260103,),
(4,2,19,1,99,19,-3764,186421,),
(4,2,19,1,105,19,-3992,209689,),
(5,0,15,1,107,15,-3210,171740,),
(6,6,14,1,83,14,-2330,96950,),
(7,6,12,1,143,12,-3438,246253,),
(7,6,12,1,272,12,-6534,889447,),
(10,10,10,1,116,10,-2330,135730,),
(1,0,76,1,21,76,-3192,33517,),
(2,0,38,1,42,38,-3192,67034,),
(4,0,19,1,84,19,-3192,134068,),
(4,4,20,1,52,20,-2084,54292,),
(5,4,16,1,4,16,-132,277,),
(5,4,16,1,65,16,-2084,67865,),
(7,2,11,1,145,11,-3192,231572,),
(7,2,11,1,157,11,-3456,271460,),
(8,4,10,1,104,10,-2084,108584,),
(8,4,10,1,228,10,-4564,520760,),
(1,1,77,1,118,77,-18173,1072267,),
(7,1,11,1,156,11,-3433,267859,),
(7,1,11,1,272,11,-5985,814103,),
(1,1,78,1,218,78,-34009,3707091,),
(2,1,39,1,159,39,-12403,986120,),
(2,1,39,1,189,39,-14743,1393310,),
(3,1,26,1,100,26,-5201,260103,),
(3,1,26,1,145,26,-7541,546798,),
(4,3,20,1,33,20,-1323,21883,),
(4,3,20,1,230,20,-9203,1058694,),
(5,3,16,1,149,16,-4771,355668,),
(5,3,16,1,249,16,-7971,992768,),
(6,1,13,1,13,13,-339,2216,),
(6,1,13,1,200,13,-5201,520206,),
(6,5,14,1,146,14,-4093,299160,),
(6,5,14,1,190,14,-5325,506356,),
(7,5,12,1,37,12,-893,16620,),
(7,5,12,1,78,12,-1877,73405,),
(8,3,10,1,66,10,-1323,43766,),
(8,3,10,1,183,10,-3663,335447,),
(9,7,10,1,72,10,-1447,52353,),
(9,7,10,1,232,10,-4647,539873,),
(1,0,79,1,50,79,-7900,197501,),
(2,2,40,1,199,40,-15922,1584440,),
(4,2,20,1,121,20,-4842,293066,),
(4,2,20,1,239,20,-9562,1142902,),
(5,2,16,1,82,16,-2626,107753,),
(5,2,16,1,91,16,-2914,132683,),
(8,2,10,1,201,10,-4022,404420,),
(8,2,10,1,242,10,-4842,586132,),
(8,6,11,1,107,11,-2360,126589,),
(8,6,11,1,245,11,-5396,661753,),
(1,0,81,1,99,81,-16038,793882,),
(2,2,41,1,128,41,-10498,672002,),
(3,0,27,1,20,27,-1080,10803,),
(5,4,17,1,17,17,-582,4986,),
(5,4,17,1,162,17,-5512,446801,),
(6,6,15,1,130,15,-3906,254286,),
(9,0,9,1,60,9,-1080,32409,),
(9,6,10,1,26,10,-526,6925,),
(9,6,10,1,195,10,-3906,381429,),
(1,0,83,1,29,83,-4814,69804,),
(2,2,42,1,35,42,-2942,51522,),
(3,2,28,1,191,28,-10698,1021853,),
(3,2,28,1,264,28,-14786,1952019,),
(4,2,21,1,70,21,-2942,103044,),
(4,2,21,1,75,21,-3152,118279,),
(6,2,14,1,105,14,-2942,154566,),
(6,2,14,1,251,14,-7030,882522,),
(7,2,12,1,62,12,-1490,46259,),
(7,2,12,1,261,12,-6266,817981,),
(9,8,11,1,17,11,-382,3324,),
(9,8,11,1,83,11,-1834,76452,),
(1,0,84,1,26,84,-4368,56785,),
(2,0,42,1,52,42,-4368,113570,),
(3,0,28,1,78,28,-4368,170355,),
(4,0,21,1,104,21,-4368,227140,),
(4,4,22,1,74,22,-3260,120772,),
(5,2,17,1,67,17,-2280,76452,),
(5,2,17,1,161,17,-5476,440984,),
(6,0,14,1,121,14,-3388,204980,),
(7,0,12,1,95,12,-2280,108307,),
(8,4,11,1,148,11,-3260,241544,),
(8,4,11,1,179,11,-3942,353175,),
(10,8,10,1,169,10,-3388,286972,),
(1,1,85,1,54,85,-9181,247915,),
(3,3,29,1,90,29,-5223,235173,),
(5,1,17,1,121,17,-4115,249023,),
(5,1,17,1,270,17,-9181,1239575,),
(7,5,13,1,12,13,-317,1939,),
(7,5,13,1,222,13,-5777,641809,),
(1,0,85,1,110,85,-18700,1028501,),
(2,2,43,1,8,43,-690,2770,),
(5,0,17,1,4,17,-136,277,),
(10,10,11,1,182,11,-4014,366194,),
(1,1,86,1,47,86,-8085,190022,),
(2,1,43,1,94,43,-8085,380044,),
(2,1,43,1,125,43,-10751,672002,),
(4,3,22,1,20,22,-883,8864,),
(4,3,22,1,68,22,-2995,101936,),
(7,7,14,1,150,14,-4207,316057,),
(8,3,11,1,40,11,-883,17728,),
(8,3,11,1,136,11,-2995,203872,),
(1,0,86,1,91,86,-15652,712167,),
(2,0,43,1,95,43,-8170,388077,),
(3,2,29,1,117,29,-6788,397218,),
(3,2,29,1,265,29,-15372,2037058,),
(5,4,18,1,250,18,-9004,1126005,),
(5,4,18,1,273,18,-9832,1342619,),
(6,4,15,1,23,15,-694,8033,),
(6,4,15,1,106,15,-3184,168970,),
(9,4,10,1,159,10,-3184,253455,),
(9,4,10,1,173,10,-3464,299991,),
(1,1,87,1,24,87,-4177,50137,),
(3,1,29,1,72,29,-4177,150411,),
(3,1,29,1,119,29,-6903,410791,),
(9,7,11,1,112,11,-2471,138777,),
(9,7,11,1,114,11,-2515,143763,),
(1,0,87,1,106,87,-18444,977533,),
(2,2,44,1,27,44,-2378,32132,),
(3,0,29,1,41,29,-2378,48752,),
(4,2,22,1,54,22,-2378,64264,),
(4,2,22,1,97,22,-4270,207196,),
(6,6,16,1,64,16,-2054,65926,),
(7,4,13,1,70,13,-1824,63987,),
(7,4,13,1,228,13,-5932,676711,),
(8,2,11,1,108,11,-2378,128528,),
(8,2,11,1,194,11,-4270,414392,),
(8,6,12,1,145,12,-3486,253178,),
(8,6,12,1,270,12,-6486,876428,),
(1,1,88,1,18,88,-3169,28531,),
(2,1,44,1,36,44,-3169,57062,),
(2,1,44,1,71,44,-6249,221877,),
(3,3,30,1,21,30,-1263,13296,),
(4,1,22,1,72,22,-3169,114124,),
(4,1,22,1,142,22,-6249,443754,),
(5,3,18,1,11,18,-399,2216,),
(5,3,18,1,35,18,-1263,22160,),
(6,3,15,1,42,15,-1263,26592,),
(6,3,15,1,124,15,-3723,231018,),
(8,1,11,1,7,11,-155,554,),
(8,1,11,1,144,11,-3169,228248,),
(9,3,10,1,63,10,-1263,39888,),
(9,3,10,1,186,10,-3723,346527,),
(9,9,12,1,224,12,-5385,604137,),
(10,7,10,1,75,10,-1507,56785,),
(1,0,88,1,68,88,-11968,406913,),
(2,0,44,1,136,44,-11968,813826,),
(4,0,22,1,5,22,-220,554,),
(4,4,23,1,89,23,-4098,182543,),
(8,0,11,1,10,11,-220,1108,),
(8,8,13,1,136,13,-3544,241544,),
(1,0,89,1,100,89,-17800,890001,),
(2,2,45,1,190,45,-17102,1624882,),
(3,2,30,1,8,30,-482,1939,),
(3,2,30,1,232,30,-13922,1615187,),
(5,2,18,1,198,18,-7130,706073,),
(5,2,18,1,202,18,-7274,734881,),
(6,2,15,1,16,15,-482,3878,),
(6,2,15,1,187,15,-5612,524915,),
(7,6,14,1,17,14,-482,4155,),
(7,6,14,1,220,14,-6166,678927,),
(9,2,10,1,24,10,-482,5817,),
(9,2,10,1,142,10,-2842,201933,),
(1,0,90,1,58,90,-10440,302761,),
(2,0,45,1,116,45,-10440,605522,),
(3,0,30,1,103,30,-6180,318273,),
(5,0,18,1,13,18,-468,3047,),
(6,0,15,1,71,15,-2130,75621,),
(7,2,13,1,195,13,-5072,494722,),
(7,2,13,1,231,13,-6008,694162,),
(9,0,10,1,32,10,-640,10249,),
(9,6,11,1,21,11,-468,4986,),
(9,6,11,1,54,11,-1194,32409,),
(1,1,91,1,78,91,-14197,553723,),
(3,3,31,1,182,31,-11287,1027393,),
(7,1,13,1,221,13,-5747,635161,),
(7,1,13,1,269,13,-6995,940969,),
(11,11,11,1,116,11,-2563,149303,),
(1,0,91,1,65,91,-11830,384476,),
(2,2,46,1,40,46,-3682,73682,),
(4,2,23,1,80,23,-3682,147364,),
(4,2,23,1,221,23,-10168,1123789,),
(5,4,19,1,180,19,-6844,616325,),
(5,4,19,1,228,19,-8668,988613,),
(7,0,13,1,99,13,-2574,127420,),
(10,6,10,1,73,10,-1466,53738,),
(1,1,92,1,66,92,-12145,400819,),
(2,1,46,1,132,46,-12145,801638,),
(2,1,46,1,151,46,-13893,1048999,),
(4,1,23,1,25,23,-1151,14404,),
(4,1,23,1,264,23,-12145,1603276,),
(7,5,14,1,117,14,-3281,192238,),
(7,5,14,1,219,14,-6137,672556,),
(8,7,13,1,44,13,-1151,25484,),
(8,7,13,1,62,13,-1619,50414,),
(1,0,92,1,130,92,-23920,1554801,),
(2,0,46,1,17,46,-1564,13296,),
(3,2,31,1,52,31,-3226,83931,),
(3,2,31,1,216,31,-13394,1446771,),
(4,0,23,1,34,23,-1564,26592,),
(4,4,24,1,152,24,-7300,555108,),
(6,4,16,1,118,16,-3780,223262,),
(6,4,16,1,228,16,-7300,832662,),
(8,4,12,1,27,12,-652,8864,),
(8,4,12,1,65,12,-1564,50968,),
(9,8,12,1,73,12,-1760,64541,),
(9,8,12,1,111,12,-2672,148749,),
(1,1,95,1,64,95,-12161,389185,),
(5,1,19,1,43,19,-1635,35179,),
(5,1,19,1,59,19,-2243,66203,),
(1,1,96,1,67,96,-12865,431012,),
(2,1,48,1,134,48,-12865,862024,),
(2,1,48,1,218,48,-20929,2281372,),
(3,1,32,1,50,32,-3201,80053,),
(3,1,32,1,201,32,-12865,1293036,),
(4,1,24,1,159,24,-7633,606907,),
(4,1,24,1,268,24,-12865,1724048,),
(6,1,16,1,100,16,-3201,160106,),
(6,1,16,1,125,16,-4001,250131,),
(6,5,17,1,94,17,-3201,150688,),
(6,5,17,1,199,17,-6771,674218,),
(7,3,14,1,123,14,-3447,212182,),
(7,3,14,1,134,14,-3755,251793,),
(8,1,12,1,41,12,-985,20221,),
(8,1,12,1,259,12,-6217,805239,),
(9,7,12,1,51,12,-1231,31578,),
(9,7,12,1,110,12,-2647,145979,),
(1,1,100,1,121,100,-24201,1464222,),
(2,1,50,1,107,50,-10701,572559,),
(2,1,50,1,242,50,-24201,2928444,),
(3,3,34,1,84,34,-5715,240159,),
(4,1,25,1,207,25,-10351,1071436,),
(4,1,25,1,214,25,-10701,1145118,),
(5,1,20,1,51,20,-2041,52076,),
(5,1,20,1,129,20,-5161,332954,),
(6,3,17,1,168,17,-5715,480318,),
(6,3,17,1,174,17,-5919,515220,),
(7,7,16,1,213,16,-6823,727402,),
(8,7,14,1,6,14,-175,554,),
(8,7,14,1,132,14,-3703,244868,),
(10,1,10,1,102,10,-2041,104152,),
(10,9,12,1,30,12,-729,11080,),
(10,9,12,1,177,12,-4257,377551,),
(1,0,100,1,6,100,-1200,3601,),
(2,0,50,1,12,50,-1200,7202,),
(4,0,25,1,24,25,-1200,14404,),
(4,4,26,1,23,26,-1200,13850,),
(5,0,20,1,30,20,-1200,18005,),
(8,4,13,1,46,13,-1200,27700,),
(8,4,13,1,252,13,-6556,826568,),
(10,0,10,1,60,10,-1200,36010,),
(1,1,102,1,90,102,-18361,826291,),
(2,1,51,1,135,51,-13771,929612,),
(2,1,51,1,180,51,-18361,1652582,),
(3,1,34,1,64,34,-4353,139331,),
(3,1,34,1,270,34,-18361,2478873,),
(4,3,26,1,73,26,-3799,138777,),
(4,3,26,1,108,26,-5619,303592,),
(6,1,17,1,128,17,-4353,278662,),
(6,1,17,1,263,17,-8943,1176142,),
(6,5,18,1,79,18,-2849,112739,),
(6,5,18,1,90,18,-3245,146256,),
(8,3,13,1,146,13,-3799,277554,),
(8,3,13,1,216,13,-5619,607184,),
(9,5,12,1,135,12,-3245,219384,),
(9,5,12,1,257,12,-6173,793882,),
(11,11,12,1,49,12,-1187,29362,),
(1,0,102,1,41,102,-8364,171463,),
(2,0,51,1,82,51,-8364,342926,),
(3,0,34,1,123,34,-8364,514389,),
(6,0,17,1,31,17,-1054,16343,),
(1,1,106,1,101,106,-21413,1081408,),
(2,1,53,1,202,53,-21413,2162816,),
(2,1,53,1,237,53,-25123,2977196,),
(3,3,36,1,105,36,-7563,397218,),
(4,3,27,1,140,27,-7563,529624,),
(4,3,27,1,260,27,-14043,1825984,),
(6,3,18,1,113,18,-4071,230187,),
(6,3,18,1,210,18,-7563,794436,),
(7,5,16,1,115,16,-3685,212182,),
(7,5,16,1,179,16,-5733,513558,),
(8,5,14,1,165,14,-4625,381983,),
(8,5,14,1,171,14,-4793,410237,),
(9,3,12,1,31,12,-747,11634,),
(9,3,12,1,38,12,-915,17451,),
(9,9,14,1,244,14,-6841,835709,),
(1,0,106,1,9,106,-1908,8587,),
(2,0,53,1,18,53,-1908,17174,),
(5,4,22,1,144,22,-6340,456773,),
(5,4,22,1,158,22,-6956,549845,),
(10,4,11,1,11,11,-246,1385,),
(10,4,11,1,39,11,-862,16897,),
(1,1,108,1,73,108,-15769,575606,),
(2,1,54,1,13,54,-1405,9141,),
(2,1,54,1,146,54,-15769,1151212,),
(3,1,36,1,158,36,-11377,898865,),
(3,1,36,1,219,36,-15769,1726818,),
(4,1,27,1,15,27,-811,6094,),
(4,1,27,1,26,27,-1405,18282,),
(5,3,22,1,120,22,-5283,317165,),
(5,3,22,1,245,22,-10783,1321290,),
(6,1,18,1,39,18,-1405,27423,),
(6,1,18,1,161,18,-5797,466745,),
(6,5,19,1,66,19,-2513,83100,),
(6,5,19,1,167,19,-6351,530732,),
(8,7,15,1,102,15,-3067,156782,),
(8,7,15,1,193,15,-5797,560094,),
(9,1,12,1,103,12,-2473,127420,),
(9,1,12,1,197,12,-4729,465914,),
(10,3,11,1,213,11,-4689,499708,),
(10,3,11,1,240,11,-5283,634330,),
(10,7,12,1,172,12,-4135,356222,),
(10,7,12,1,266,12,-6391,850944,),
(1,0,108,1,64,108,-13824,442369,),
(2,0,54,1,128,54,-13824,884738,),
(3,0,36,1,85,36,-6120,260103,),
(4,0,27,1,21,27,-1134,11911,),
(4,4,28,1,129,28,-7228,466468,),
(6,0,18,1,107,18,-3852,206088,),
(7,4,16,1,18,16,-580,5263,),
(7,4,16,1,51,16,-1636,41827,),
(8,4,14,1,177,14,-4960,439322,),
(8,4,14,1,258,14,-7228,932936,),
(9,0,12,1,22,12,-528,5817,),
(9,6,13,1,84,13,-2190,92241,),
(9,6,13,1,86,13,-2242,96673,),
(12,12,12,1,116,12,-2796,162876,),
(1,0,112,1,28,112,-6272,87809,),
(2,0,56,1,56,56,-6272,175618,),
(4,0,28,1,112,28,-6272,351236,),
(4,4,29,1,3,29,-178,277,),
(7,0,16,1,81,16,-2592,104983,),
(8,0,14,1,53,14,-1484,39334,),
(8,8,16,1,150,16,-4808,361208,),
(11,6,11,1,33,11,-732,12188,),
(1,0,113,1,66,113,-14916,492229,),
(2,2,57,1,151,57,-17216,1299961,),
(3,2,38,1,14,38,-1066,7479,),
(3,2,38,1,88,38,-6690,294451,),
(6,2,19,1,28,19,-1066,14958,),
(6,2,19,1,176,19,-6690,588902,),
(9,4,13,1,108,13,-2812,152073,),
(9,4,13,1,190,13,-4944,470069,),
(1,1,116,1,143,116,-33177,2372228,),
(2,1,58,1,9,58,-1045,4709,),
(2,1,58,1,225,58,-26101,2936477,),
(4,1,29,1,18,29,-1045,9418,),
(4,1,29,1,173,29,-10035,868118,),
(8,7,16,1,71,16,-2279,81161,),
(8,7,16,1,119,16,-3815,227417,),
(1,0,116,1,35,116,-8120,142101,),
(2,0,58,1,70,58,-8120,284202,),
(3,2,39,1,168,39,-13106,1101075,),
(3,2,39,1,251,39,-19580,2457544,),
(4,0,29,1,137,29,-7946,544305,),
(4,4,30,1,6,30,-364,1108,),
(5,4,24,1,146,24,-7012,512173,),
(5,4,24,1,177,24,-8500,752609,),
(6,4,20,1,9,20,-364,1662,),
(6,4,20,1,157,20,-6284,493614,),
(8,4,15,1,12,15,-364,2216,),
(8,4,15,1,117,15,-3514,205811,),
(9,2,13,1,199,13,-5176,515220,),
(9,2,13,1,227,13,-5904,670340,),
(10,4,12,1,15,12,-364,2770,),
(10,4,12,1,77,12,-1852,71466,),
(11,8,12,1,61,12,-1472,45151,),
(11,8,12,1,123,12,-2960,182543,),
(1,1,117,1,164,117,-38377,3146997,),
(3,1,39,1,133,39,-10375,690007,),
(3,1,39,1,215,39,-16771,1802993,),
(7,3,17,1,151,17,-5137,388077,),
(7,3,17,1,191,17,-6497,620757,),
(9,1,13,1,91,13,-2367,107753,),
(9,1,13,1,122,13,-3173,193623,),
(1,0,117,1,117,117,-27378,1601614,),
(2,2,59,1,106,59,-12510,663138,),
(3,0,39,1,74,39,-5772,213567,),
(6,6,21,1,179,21,-7524,673941,),
(7,6,18,1,114,18,-4110,234619,),
(7,6,18,1,255,18,-9186,1171987,),
(9,0,13,1,55,13,-1430,39334,),
(9,6,14,1,107,14,-3002,160937,),
(9,6,14,1,130,14,-3646,237389,),
(11,4,11,1,90,11,-1984,89471,),
(1,1,118,1,239,118,-56405,6740518,),
(2,1,59,1,201,59,-23719,2383862,),
(2,1,59,1,245,59,-28911,3541722,),
(3,3,40,1,61,40,-4883,149026,),
(4,3,30,1,94,30,-5643,265366,),
(4,3,30,1,266,30,-15963,2123482,),
(5,3,24,1,194,24,-9315,903851,),
(5,3,24,1,256,24,-12291,1573637,),
(6,3,20,1,122,20,-4883,298052,),
(6,3,20,1,141,20,-5643,398049,),
(8,3,15,1,188,15,-5643,530732,),
(8,3,15,1,255,15,-7653,976148,),
(10,3,12,1,111,12,-2667,148195,),
(10,3,12,1,235,12,-5643,663415,),
(10,7,13,1,25,13,-657,8310,),
(10,7,13,1,81,13,-2113,85870,),
(1,1,119,1,10,119,-2381,11911,),
(5,5,25,1,52,25,-2605,67865,),
(7,1,17,1,44,17,-1497,32963,),
(7,1,17,1,70,17,-2381,83377,),
(11,3,11,1,219,11,-4821,528239,),
(1,1,120,1,70,120,-16801,588071,),
(2,1,60,1,140,60,-16801,1176142,),
(2,1,60,1,197,60,-23641,2328739,),
(3,1,40,1,157,40,-12561,986120,),
(3,1,40,1,210,40,-16801,1764213,),
(4,1,30,1,3,30,-181,277,),
(4,1,30,1,117,30,-7021,410791,),
(5,1,24,1,73,24,-3505,127974,),
(5,1,24,1,77,24,-3697,142378,),
(6,1,20,1,37,20,-1481,27423,),
(6,1,20,1,143,20,-5721,409129,),
(6,5,21,1,233,21,-9791,1141240,),
(6,5,21,1,268,21,-11261,1509650,),
(7,5,18,1,41,18,-1481,30470,),
(7,5,18,1,128,18,-4613,295559,),
(8,1,15,1,6,15,-181,554,),
(8,1,15,1,234,15,-7021,821582,),
(9,5,14,1,125,14,-3505,219384,),
(9,5,14,1,211,14,-5913,624358,),
(10,1,12,1,146,12,-3505,255948,),
(10,1,12,1,154,12,-3697,284756,),
(10,9,14,1,13,14,-373,2493,),
(10,9,14,1,204,14,-5721,584470,),
(11,7,12,1,215,12,-5167,556216,),
(11,7,12,1,223,12,-5359,598320,),
(1,0,120,1,108,120,-25920,1399681,),
(2,0,60,1,61,60,-7320,223262,),
(3,0,40,1,47,40,-3760,88363,),
(4,0,30,1,122,30,-7320,446524,),
(4,4,31,1,118,31,-7320,432120,),
(5,0,24,1,14,24,-672,4709,),
(6,0,20,1,94,20,-3760,176726,),
(8,0,15,1,33,15,-990,16343,),
(8,8,17,1,101,17,-3442,174233,),
(10,0,12,1,28,12,-672,9418,),
(11,2,11,1,106,11,-2334,123819,),
(12,12,13,1,68,13,-1780,60940,),
(1,1,121,1,213,121,-51547,5489863,),
(3,3,41,1,101,41,-8285,418547,),
(7,7,19,1,190,19,-7227,687237,),
(11,1,11,1,24,11,-529,6371,),
(1,0,121,1,81,121,-19602,793882,),
(2,2,61,1,88,61,-10738,472562,),
(5,4,25,1,40,25,-2004,40165,),
(5,4,25,1,259,25,-12954,1678066,),
(10,6,13,1,221,13,-5752,636269,),
(10,6,13,1,226,13,-5882,665354,),
(11,0,11,1,60,11,-1320,39611,),
(1,1,122,1,140,122,-34161,2391341,),
(2,1,61,1,3,61,-367,554,),
(2,1,61,1,165,61,-20131,1660892,),
(4,3,31,1,137,31,-8497,582254,),
(4,3,31,1,265,31,-16433,2177774,),
(8,5,16,1,23,16,-741,8587,),
(8,5,16,1,271,16,-8677,1176419,),
(1,0,122,1,19,122,-4636,44043,),
(2,0,61,1,38,61,-4636,88086,),
(3,2,41,1,11,41,-904,4986,),
(3,2,41,1,43,41,-3528,75898,),
(6,4,21,1,61,21,-2566,78391,),
(6,4,21,1,229,21,-9622,1102183,),
(7,4,18,1,25,18,-904,11357,),
(7,4,18,1,221,18,-7960,880029,),
(9,4,14,1,205,14,-5744,589179,),
(9,4,14,1,230,14,-6444,741529,),
(1,1,123,1,22,123,-5413,59555,),
(3,1,41,1,66,41,-5413,178665,),
(3,1,41,1,238,41,-19517,2322645,),
(5,3,25,1,213,25,-10653,1134869,),
(5,3,25,1,219,25,-10953,1199687,),
(9,7,15,1,4,15,-127,277,),
(9,7,15,1,14,15,-427,3047,),
(11,9,13,1,80,13,-2089,83931,),
(11,9,13,1,175,13,-4559,399711,),
(1,0,123,1,3,123,-738,1108,),
(2,2,62,1,137,62,-16990,1163954,),
(3,0,41,1,9,41,-738,3324,),
(4,2,31,1,271,31,-16804,2277217,),
(4,2,31,1,274,31,-16990,2327908,),
(6,6,22,1,67,22,-2954,99166,),
(11,6,12,1,169,12,-4062,343757,),
(11,6,12,1,246,12,-5910,727679,),
(1,1,124,1,30,124,-7441,111631,),
(2,1,62,1,7,62,-869,3047,),
(2,1,62,1,60,62,-7441,223262,),
(3,3,42,1,16,42,-1347,10803,),
(4,1,31,1,14,31,-869,6094,),
(4,1,31,1,120,31,-7441,446524,),
(5,5,26,1,143,26,-7441,532394,),
(6,3,21,1,32,21,-1347,21606,),
(6,3,21,1,47,21,-1977,46536,),
(7,3,18,1,101,18,-3639,183928,),
(7,3,18,1,222,18,-7995,887785,),
(8,7,17,1,72,17,-2455,88640,),
(8,7,17,1,172,17,-5855,504140,),
(9,3,14,1,48,14,-1347,32409,),
(9,3,14,1,209,14,-5855,612170,),
(9,9,16,1,163,16,-5225,426580,),
(10,5,13,1,9,13,-239,1108,),
(10,5,13,1,225,13,-5855,659260,),
(11,11,14,1,90,14,-2531,114401,),
(12,9,12,1,82,12,-1977,81438,),
(1,1,125,1,95,125,-23751,1128221,),
(5,1,25,1,198,25,-9901,980303,),
(5,1,25,1,223,25,-11151,1243453,),
(1,1,127,1,49,127,-12447,304977,),
(3,3,43,1,158,43,-13591,1073929,),
(7,5,19,1,65,19,-2475,80607,),
(7,5,19,1,168,19,-6389,537103,),
(13,13,13,1,116,13,-3029,176449,),
(1,1,129,1,32,129,-8257,132129,),
(3,1,43,1,96,43,-8257,396387,),
(3,1,43,1,123,43,-10579,650673,),
(5,5,27,1,81,27,-4379,177557,),
(9,5,15,1,35,15,-1055,18559,),
(9,5,15,1,57,15,-1715,49029,),
(1,0,130,1,7,130,-1820,6371,),
(2,0,65,1,14,65,-1820,12742,),
(5,0,26,1,35,26,-1820,31855,),
(10,0,13,1,70,13,-1820,63710,),
(1,0,131,1,118,131,-30916,1824045,),
(2,2,66,1,5,66,-662,1662,),
(3,2,44,1,68,44,-5986,203595,),
(3,2,44,1,146,44,-12850,938199,),
(4,2,33,1,10,33,-662,3324,),
(4,2,33,1,183,33,-12080,1105507,),
(5,4,27,1,80,27,-4324,173125,),
(5,4,27,1,84,27,-4540,190853,),
(6,2,22,1,15,22,-662,4986,),
(6,2,22,1,136,22,-5986,407190,),
(7,6,20,1,11,20,-446,2493,),
(7,6,20,1,238,20,-9526,1134315,),
(9,4,15,1,144,15,-4324,311625,),
(9,4,15,1,262,15,-7864,1030717,),
(10,6,14,1,63,14,-1770,55954,),
(10,6,14,1,174,14,-4878,424918,),
(11,2,12,1,157,12,-3770,296113,),
(11,2,12,1,166,12,-3986,331015,),
(12,10,13,1,89,13,-2324,103875,),
(12,10,13,1,102,13,-2662,136284,),
(1,1,132,1,34,132,-8977,152627,),
(2,1,66,1,68,66,-8977,305254,),
(2,1,66,1,188,66,-24817,2332894,),
(3,1,44,1,5,44,-441,1108,),
(3,1,44,1,102,44,-8977,457881,),
(4,1,33,1,99,33,-6535,323536,),
(4,1,33,1,136,33,-8977,610508,),
(6,1,22,1,10,22,-441,2216,),
(6,1,22,1,204,22,-8977,915762,),
(6,5,23,1,154,23,-7089,546244,),
(6,5,23,1,183,23,-8423,771168,),
(8,7,18,1,89,18,-3211,143209,),
(8,7,18,1,203,18,-7315,743191,),
(9,7,16,1,204,16,-6535,667293,),
(9,7,16,1,263,16,-8423,1108554,),
(11,1,12,1,97,12,-2329,113016,),
(11,1,12,1,203,12,-4873,494722,),
(12,7,12,1,166,12,-3991,331846,),
(1,1,133,1,33,133,-8779,144871,),
(3,3,45,1,44,45,-3963,87255,),
(5,3,27,1,142,27,-7671,544859,),
(5,3,27,1,258,27,-13935,1798007,),
(7,1,19,1,148,19,-5625,416331,),
(7,1,19,1,231,19,-8779,1014097,),
(9,3,15,1,34,15,-1023,17451,),
(9,3,15,1,132,15,-3963,261765,),
(9,9,17,1,95,17,-3239,154289,),
(1,0,133,1,23,133,-6118,70358,),
(2,2,67,1,149,67,-19968,1487767,),
(7,0,19,1,116,19,-4408,255671,),
(13,12,13,1,107,13,-2794,150134,),
(1,1,134,1,97,134,-25997,1260904,),
(2,1,67,1,145,67,-19431,1408822,),
(2,1,67,1,194,67,-25997,2521808,),
(4,3,34,1,25,34,-1703,21329,),
(4,3,34,1,146,34,-9931,725186,),
(5,5,28,1,60,28,-3365,101105,),
(7,5,20,1,84,20,-3365,141547,),
(7,5,20,1,262,20,-10485,1374197,),
(8,3,17,1,15,17,-513,3878,),
(8,3,17,1,50,17,-1703,42658,),
(10,5,14,1,120,14,-3365,202210,),
(10,5,14,1,216,14,-6053,654274,),
(11,9,14,1,18,14,-513,4709,),
(11,9,14,1,199,14,-5581,556216,),
(1,0,136,1,105,136,-28560,1499401,),
(2,0,68,1,67,68,-9112,305254,),
(4,0,34,1,134,34,-9112,610508,),
(4,4,35,1,218,35,-15264,1664216,),
(5,4,28,1,134,28,-7508,503309,),
(5,4,28,1,222,28,-12436,1380845,),
(7,4,20,1,200,20,-8004,800807,),
(7,4,20,1,243,20,-9724,1181959,),
(8,0,17,1,9,17,-306,1385,),
(8,8,19,1,37,19,-1414,26315,),
(10,4,14,1,167,14,-4680,391124,),
(10,4,14,1,268,14,-7508,1006618,),
(1,1,137,1,17,137,-4659,39611,),
(11,5,13,1,55,13,-1435,39611,),
(11,5,13,1,179,13,-4659,417439,),
(1,1,138,1,131,138,-36157,2368350,),
(2,1,69,1,19,69,-2623,24930,),
(2,1,69,1,262,69,-36157,4736700,),
(3,1,46,1,116,46,-10673,619095,),
(3,1,46,1,167,46,-15365,1283064,),
(4,3,35,1,77,35,-5393,207750,),
(4,3,35,1,192,35,-13443,1290820,),
(5,3,28,1,27,28,-1515,20498,),
(5,3,28,1,240,28,-13443,1613525,),
(6,1,23,1,57,23,-2623,74790,),
(6,1,23,1,232,23,-10673,1238190,),
(6,5,24,1,43,24,-2069,44597,),
(6,5,24,1,153,24,-7349,562587,),
(7,3,20,1,59,20,-2363,69804,),
(7,3,20,1,204,20,-8163,832939,),
(8,5,18,1,204,18,-7349,750116,),
(8,5,18,1,242,18,-8717,1055370,),
(9,5,16,1,91,16,-2917,132960,),
(9,5,16,1,203,16,-6501,660368,),
(10,3,14,1,54,14,-1515,40996,),
(10,3,14,1,203,14,-5687,577545,),
(10,7,15,1,97,15,-2917,141824,),
(10,7,15,1,198,15,-5947,589456,),
(12,5,12,1,29,12,-701,10249,),
(12,11,14,1,84,14,-2363,99720,),
(12,11,14,1,212,14,-5947,631560,),
(1,1,139,1,59,139,-16403,483919,),
(3,3,47,1,73,47,-6865,250685,),
(5,5,29,1,149,29,-8647,644579,),
(13,11,13,1,183,13,-4769,437383,),
(1,1,141,1,130,141,-36661,2383031,),
(3,1,47,1,52,47,-4889,127143,),
(3,1,47,1,113,47,-10623,600259,),
(7,5,21,1,235,21,-9875,1160907,),
(7,5,21,1,266,21,-11177,1487213,),
(9,7,17,1,111,17,-3781,210243,),
(9,7,17,1,133,17,-4529,301653,),
(11,3,13,1,124,13,-3227,200271,),
(11,3,13,1,238,13,-6191,737097,),
(1,0,141,1,71,141,-20022,710782,),
(2,2,71,1,175,71,-24852,2174727,),
(3,0,47,1,64,47,-6016,192515,),
(5,4,29,1,75,29,-4354,163430,),
(5,4,29,1,135,29,-7834,529070,),
(6,6,25,1,79,25,-3956,156505,),
(10,6,15,1,108,15,-3246,175618,),
(10,6,15,1,224,15,-6726,753994,),
(1,1,142,1,179,142,-50837,4550002,),
(2,1,71,1,81,71,-11503,465914,),
(2,1,71,1,235,71,-33371,3921212,),
(3,3,48,1,39,48,-3747,73128,),
(4,3,36,1,52,36,-3747,97504,),
(4,3,36,1,248,36,-17859,2214892,),
(6,3,24,1,78,24,-3747,146256,),
(6,3,24,1,95,24,-4563,216891,),
(7,7,22,1,28,22,-1239,17451,),
(8,3,18,1,104,18,-3747,195008,),
(8,3,18,1,219,18,-7887,863963,),
(9,3,16,1,4,16,-131,277,),
(9,3,16,1,117,16,-3747,219384,),
(9,9,18,1,150,18,-5409,406359,),
(11,7,14,1,44,14,-1239,27423,),
(11,7,14,1,94,14,-2639,124373,),
(12,3,12,1,156,12,-3747,292512,),
(1,1,144,1,74,144,-21313,788619,),
(2,1,72,1,148,72,-21313,1577238,),
(2,1,72,1,179,72,-25777,2307133,),
(3,1,48,1,130,48,-12481,811333,),
(3,1,48,1,222,48,-21313,2365857,),
(4,1,36,1,19,36,-1369,13019,),
(4,1,36,1,81,36,-5833,236281,),
(5,5,30,1,152,30,-9125,693885,),
(6,1,24,1,167,24,-8017,669509,),
(6,1,24,1,260,24,-12481,1622666,),
(6,5,25,1,39,25,-1955,38226,),
(6,5,25,1,127,25,-6355,403866,),
(8,1,18,1,38,18,-1369,26038,),
(8,1,18,1,162,18,-5833,472562,),
(9,1,16,1,112,16,-3585,200825,),
(9,1,16,1,113,16,-3617,204426,),
(10,5,15,1,27,15,-815,11080,),
(10,5,15,1,65,15,-1955,63710,),
(12,1,12,1,57,12,-1369,39057,),
(12,7,13,1,11,13,-293,1662,),
(12,7,13,1,95,13,-2477,118002,),
(1,0,144,1,5,144,-1440,3601,),
(2,0,72,1,10,72,-1440,7202,),
(3,0,48,1,15,48,-1440,10803,),
(4,0,36,1,20,36,-1440,14404,),
(4,4,37,1,244,37,-18060,2203812,),
(5,2,29,1,42,29,-2438,51245,),
(5,2,29,1,63,29,-3656,115232,),
(6,0,24,1,30,24,-1440,21606,),
(8,0,18,1,40,18,-1440,28808,),
(8,8,20,1,130,20,-5208,339048,),
(9,0,16,1,45,16,-1440,32409,),
(9,6,17,1,153,17,-5208,398880,),
(9,6,17,1,254,17,-8642,1098305,),
(10,8,16,1,24,16,-776,9418,),
(10,8,16,1,114,16,-3656,208858,),
(12,0,12,1,60,12,-1440,43212,),
(12,12,15,1,7,15,-222,831,),
(13,10,13,1,55,13,-1440,39888,),
(1,1,145,1,23,145,-6671,76729,),
(3,3,49,1,28,49,-2747,38503,),
(5,1,29,1,76,29,-4409,167585,),
(5,1,29,1,115,29,-6671,383645,),
(7,3,21,1,106,21,-4455,236281,),
(7,3,21,1,250,21,-10503,1313257,),
(11,9,15,1,239,15,-7179,858977,),
(11,9,15,1,259,15,-7779,1008557,),
(1,1,146,1,6,146,-1753,5263,),
(2,1,73,1,12,73,-1753,10526,),
(2,1,73,1,117,73,-17083,999416,),
(4,3,37,1,106,37,-7847,416054,),
(4,3,37,1,126,37,-9327,587794,),
(8,5,19,1,46,19,-1753,40442,),
(8,5,19,1,187,19,-7111,665354,),
(11,11,16,1,118,16,-3787,224093,),
(1,0,146,1,122,146,-35624,2173065,),
(2,0,73,1,33,73,-4818,79499,),
(3,2,49,1,13,49,-1276,8310,),
(3,2,49,1,247,49,-24208,2989938,),
(5,4,30,1,71,30,-4264,151519,),
(5,4,30,1,132,30,-7924,523253,),
(6,4,25,1,103,25,-5154,265643,),
(6,4,25,1,196,25,-9804,961190,),
(7,2,21,1,207,21,-8696,900250,),
(7,2,21,1,215,21,-9032,971162,),
(9,8,18,1,66,18,-2384,78945,),
(9,8,18,1,149,18,-5372,400819,),
(10,4,15,1,142,15,-4264,303038,),
(10,4,15,1,264,15,-7924,1046506,),
(13,12,14,1,231,14,-6480,749839,),
(13,12,14,1,243,14,-6816,829615,),
(1,0,147,1,134,147,-39396,2639533,),
(2,2,74,1,37,74,-5478,101382,),
(3,0,49,1,125,49,-12250,765628,),
(4,2,37,1,74,37,-5478,202764,),
(4,2,37,1,173,37,-12804,1107723,),
(6,6,26,1,20,26,-1046,10526,),
(7,0,21,1,107,21,-4494,240436,),
(12,6,13,1,40,13,-1046,21052,),
(12,6,13,1,130,13,-3386,220492,),
(14,14,14,1,116,14,-3262,190022,),
(1,1,149,1,181,149,-53939,4881571,),
(5,5,31,1,164,31,-10173,834601,),
(7,7,23,1,140,23,-6447,451787,),
(13,9,13,1,50,13,-1309,32963,),
(1,1,151,1,50,151,-15101,377551,),
(3,3,51,1,4,51,-411,831,),
(9,3,17,1,12,17,-411,2493,),
(9,3,17,1,53,17,-1805,47921,),
(9,9,19,1,91,19,-3467,158167,),
(1,1,153,1,167,153,-51103,4267185,),
(3,1,51,1,91,51,-9283,422425,),
(3,1,51,1,224,51,-22849,2559203,),
(5,3,31,1,20,31,-1243,12465,),
(5,3,31,1,105,31,-6513,342095,),
(9,1,17,1,118,17,-4013,236835,),
(9,1,17,1,273,17,-9283,1267275,),
(11,7,15,1,143,15,-4297,307747,),
(11,7,15,1,152,15,-4567,347635,),
(13,13,15,1,32,15,-973,15789,),
(1,0,154,1,97,154,-29876,1448987,),
(2,0,77,1,83,77,-12782,530455,),
(5,2,31,1,44,31,-2730,60109,),
(5,2,31,1,224,31,-13890,1555909,),
(7,0,22,1,125,22,-5500,343757,),
(10,8,17,1,115,17,-3918,225755,),
(10,8,17,1,243,17,-8270,1005787,),
(11,0,14,1,41,14,-1148,23545,),
(1,0,155,1,32,155,-9920,158721,),
(2,2,78,1,82,78,-12794,524638,),
(3,2,52,1,122,52,-12690,774215,),
(3,2,52,1,123,52,-12794,786957,),
(4,2,39,1,164,39,-12794,1049276,),
(4,2,39,1,255,39,-19892,2536489,),
(5,0,31,1,117,31,-7254,424364,),
(6,2,26,1,244,26,-12690,1548430,),
(6,2,26,1,246,26,-12794,1573914,),
(9,8,19,1,13,19,-502,3324,),
(9,8,19,1,249,19,-9470,1180020,),
(10,10,18,1,106,18,-3826,203318,),
(12,2,13,1,211,13,-5488,579207,),
(12,2,13,1,215,13,-5592,601367,),
(12,10,15,1,223,15,-6700,748177,),
(12,10,15,1,238,15,-7150,852052,),
(1,1,156,1,91,156,-28393,1291928,),
(2,1,78,1,182,78,-28393,2583856,),
(2,1,78,1,269,78,-41965,5644429,),
(3,1,52,1,265,52,-27561,3651968,),
(3,1,52,1,273,52,-28393,3875784,),
(4,1,39,1,87,39,-6787,295282,),
(4,1,39,1,261,39,-20359,2656984,),
(6,1,26,1,253,26,-13157,1664493,),
(6,1,26,1,269,26,-13989,1881661,),
(6,5,27,1,23,27,-1247,14404,),
(6,5,27,1,182,27,-9833,895264,),
(7,7,24,1,72,24,-3463,124927,),
(8,7,21,1,168,21,-7063,593888,),
(8,7,21,1,201,21,-8449,849836,),
(9,5,18,1,173,18,-6233,539596,),
(9,5,18,1,273,18,-9833,1342896,),
(11,9,16,1,30,16,-969,14681,),
(11,9,16,1,56,16,-1801,50691,),
(12,1,13,1,229,13,-5955,681974,),
(12,1,13,1,261,13,-6787,885846,),
(12,7,14,1,163,14,-4571,373119,),
(12,7,14,1,252,14,-7063,890832,),
(1,0,156,1,126,156,-39312,2476657,),
(2,0,78,1,25,78,-3900,48752,),
(3,0,52,1,101,52,-10504,530455,),
(4,0,39,1,50,39,-3900,97504,),
(4,4,40,1,21,40,-1684,17728,),
(5,4,32,1,216,32,-13828,1493861,),
(5,4,32,1,234,32,-14980,1753133,),
(6,0,26,1,75,26,-3900,146256,),
(8,4,20,1,42,20,-1684,35456,),
(8,4,20,1,124,20,-4964,308024,),
(10,4,16,1,155,16,-4964,385030,),
(10,4,16,1,191,16,-6116,584470,),
(11,6,15,1,19,15,-576,5540,),
(11,6,15,1,36,15,-1086,19667,),
(12,0,13,1,127,13,-3302,209689,),
(12,12,16,1,224,16,-7180,805516,),
(1,0,157,1,109,157,-34226,1865318,),
(2,2,79,1,134,79,-21174,1418794,),
(7,4,23,1,123,23,-5662,348466,),
(7,4,23,1,202,23,-9296,939307,),
(13,10,14,1,4,14,-122,277,),
(13,10,14,1,114,14,-3202,183097,),
(1,1,159,1,128,159,-40705,2605185,),
(3,1,53,1,55,53,-5831,160383,),
(3,1,53,1,107,53,-11343,606907,),
(5,5,33,1,155,33,-10235,793605,),
(7,3,23,1,102,23,-4695,239605,),
(7,3,23,1,211,23,-9709,1024623,),
(9,7,19,1,197,19,-7493,738759,),
(9,7,19,1,240,19,-9127,1096089,),
(11,5,15,1,28,15,-845,11911,),
(11,5,15,1,64,15,-1925,61771,),
(1,1,160,1,8,160,-2561,10249,),
(2,1,80,1,16,80,-2561,20498,),
(2,1,80,1,29,80,-4641,67311,),
(3,3,54,1,234,54,-25275,2957529,),
(4,1,40,1,32,40,-2561,40996,),
(4,1,40,1,58,40,-4641,134622,),
(5,1,32,1,40,32,-2561,51245,),
(5,1,32,1,211,32,-13505,1424888,),
(6,3,27,1,191,27,-10317,985566,),
(6,3,27,1,209,27,-11289,1180020,),
(8,1,20,1,64,20,-2561,81992,),
(8,1,20,1,116,20,-4641,269244,),
(9,3,18,1,148,18,-5331,394725,),
(9,3,18,1,175,18,-6303,551784,),
(9,9,20,1,5,20,-209,554,),
(10,1,16,1,80,16,-2561,102490,),
(10,1,16,1,145,16,-4641,336555,),
(10,9,18,1,194,18,-6993,679204,),
(10,9,18,1,221,18,-7965,881137,),
(12,9,15,1,99,15,-2979,147918,),
(12,9,15,1,122,15,-3669,224370,),
(1,0,160,1,95,160,-30400,1444001,),
(2,0,80,1,87,80,-13920,605522,),
(4,0,40,1,103,40,-8240,424364,),
(4,4,41,1,168,41,-13780,1157860,),
(5,0,32,1,79,32,-5056,199717,),
(7,2,23,1,146,23,-6718,490567,),
(7,2,23,1,155,23,-7132,552892,),
(8,0,20,1,71,20,-2840,100828,),
(8,8,22,1,14,22,-624,4432,),
(10,0,16,1,119,16,-3808,226586,),
(11,8,16,1,188,16,-6024,567019,),
(11,8,16,1,227,16,-7272,826291,),
(13,6,13,1,61,13,-1592,48752,),
(14,12,14,1,96,14,-2700,130190,),
(1,1,161,1,190,161,-61181,5812291,),
(7,1,23,1,67,23,-3083,103321,),
(7,1,23,1,222,23,-10213,1133761,),
(1,0,161,1,116,161,-37352,2166417,),
(2,2,81,1,43,81,-6968,149857,),
(3,2,54,1,115,54,-12422,714383,),
(3,2,54,1,203,54,-21926,2225695,),
(5,4,33,1,121,33,-7990,483642,),
(5,4,33,1,265,33,-17494,2318490,),
(6,2,27,1,129,27,-6968,449571,),
(6,2,27,1,230,27,-12422,1428766,),
(7,0,23,1,19,23,-874,8310,),
(9,2,18,1,55,18,-1982,54569,),
(9,2,18,1,68,18,-2450,83377,),
(10,6,17,1,23,17,-788,9141,),
(10,6,17,1,107,17,-3644,195285,),
(11,4,15,1,29,15,-874,12742,),
(11,4,15,1,100,15,-3004,150411,),
(14,14,15,1,121,15,-3644,221323,),
(1,0,164,1,82,164,-26896,1102737,),
(2,0,82,1,113,82,-18532,1047060,),
(3,2,55,1,38,55,-4182,79499,),
(3,2,55,1,244,55,-26842,3274971,),
(4,0,41,1,51,41,-4182,106645,),
(4,4,42,1,181,42,-15208,1376690,),
(5,2,33,1,222,33,-14654,1626821,),
(5,2,33,1,248,33,-16370,2030133,),
(6,4,28,1,133,28,-7452,495830,),
(6,4,28,1,223,28,-12492,1393310,),
(7,4,24,1,109,24,-5236,285587,),
(7,4,24,1,214,24,-10276,1099967,),
(8,4,21,1,85,21,-3574,152073,),
(8,4,21,1,205,21,-8614,883353,),
(9,8,20,1,103,20,-4128,213013,),
(9,8,20,1,229,20,-9168,1050661,),
(10,8,18,1,39,18,-1412,27700,),
(10,8,18,1,176,18,-6344,558986,),
(11,2,15,1,47,15,-1412,33240,),
(11,2,15,1,156,15,-4682,365363,),
(12,4,14,1,169,14,-4736,400542,),
(12,4,14,1,266,14,-7452,991660,),
(12,8,15,1,45,15,-1358,30747,),
(12,8,15,1,213,15,-6398,682251,),
(1,0,165,1,18,165,-5940,53461,),
(2,2,83,1,71,83,-11788,418547,),
(3,0,55,1,54,55,-5940,160383,),
(5,0,33,1,90,33,-5940,267305,),
(6,6,29,1,45,29,-2616,59001,),
(10,10,19,1,54,19,-2062,55954,),
(11,0,15,1,79,15,-2370,93626,),
(13,4,13,1,91,13,-2370,108030,),
(1,1,167,1,151,167,-50435,3807919,),
(11,9,17,1,48,17,-1641,39611,),
(11,9,17,1,147,17,-5007,368687,),
(13,3,13,1,22,13,-575,6371,),
(1,1,168,1,106,168,-35617,1887755,),
(2,1,84,1,187,84,-31417,2937585,),
(2,1,84,1,212,84,-35617,3775510,),
(3,1,56,1,41,56,-4593,94180,),
(3,1,56,1,142,56,-15905,1129329,),
(4,1,42,1,97,42,-8149,395279,),
(4,1,42,1,147,42,-12349,907729,),
(5,3,34,1,206,34,-14011,1443447,),
(5,3,34,1,242,34,-16459,1991907,),
(6,1,28,1,7,28,-393,1385,),
(6,1,28,1,82,28,-4593,188360,),
(6,5,29,1,60,29,-3485,104706,),
(6,5,29,1,64,29,-3717,119110,),
(7,1,24,1,188,24,-9025,848451,),
(7,1,24,1,239,24,-11473,1371150,),
(8,1,21,1,17,21,-715,6094,),
(8,1,21,1,194,21,-8149,790558,),
(9,7,20,1,162,20,-6487,526023,),
(9,7,20,1,267,20,-10687,1427658,),
(10,3,17,1,135,17,-4593,310240,),
(10,3,17,1,207,17,-7041,729064,),
(10,7,18,1,112,18,-4039,226586,),
(10,7,18,1,180,18,-6487,584470,),
(11,11,18,1,26,18,-947,12465,),
(12,1,14,1,14,14,-393,2770,),
(12,1,14,1,164,14,-4593,376720,),
(12,7,15,1,79,15,-2377,94180,),
(12,7,15,1,216,15,-6487,701364,),
(14,13,15,1,105,15,-3163,166754,),
(14,13,15,1,245,15,-7363,903574,),
(1,1,169,1,88,169,-29745,1308825,),
(3,3,57,1,188,57,-21435,2015175,),
(5,5,35,1,129,35,-9035,583085,),
(7,5,25,1,207,25,-10355,1072267,),
(7,5,25,1,236,25,-11805,1393587,),
(9,3,19,1,10,19,-383,1939,),
(9,3,19,1,19,19,-725,6925,),
(9,9,21,1,83,21,-3495,145425,),
(13,1,13,1,36,13,-937,16897,),
(15,15,15,1,116,15,-3495,203595,),
(1,0,169,1,38,169,-12844,244037,),
(2,2,85,1,133,85,-22612,1503833,),
(5,2,34,1,194,34,-13194,1280017,),
(5,2,34,1,197,34,-13398,1319905,),
(10,2,17,1,111,17,-3776,209689,),
(10,2,17,1,117,17,-3980,232957,),
(13,0,13,1,60,13,-1560,46813,),
(1,0,171,1,14,171,-4788,33517,),
(2,2,86,1,72,86,-12386,445970,),
(3,0,57,1,42,57,-4788,100551,),
(4,2,43,1,17,43,-1464,12465,),
(4,2,43,1,144,43,-12386,891940,),
(5,4,35,1,74,35,-5184,191961,),
(5,4,35,1,100,35,-7004,350405,),
(6,6,30,1,52,30,-3126,81438,),
(7,4,25,1,140,25,-7004,490567,),
(7,4,25,1,159,25,-7954,632668,),
(9,0,19,1,126,19,-4788,301653,),
(9,6,20,1,78,20,-3126,122157,),
(9,6,20,1,171,20,-6846,585855,),
(10,6,18,1,179,18,-6450,577822,),
(10,6,18,1,190,18,-6846,650950,),
(11,8,17,1,108,17,-3680,199163,),
(11,8,17,1,250,17,-8508,1064511,),
(12,6,15,1,104,15,-3126,162876,),
(12,6,15,1,228,15,-6846,781140,),
(14,10,14,1,165,14,-4630,382814,),
(1,1,172,1,149,172,-51257,3818722,),
(2,1,86,1,21,86,-3613,37949,),
(2,1,86,1,227,86,-39045,4431723,),
(3,3,58,1,55,58,-6383,175618,),
(4,1,43,1,42,43,-3613,75898,),
(4,1,43,1,177,43,-15223,1347328,),
(6,3,29,1,110,29,-6383,351236,),
(6,3,29,1,186,29,-10791,1003848,),
(8,7,23,1,114,23,-5251,299714,),
(8,7,23,1,247,23,-11369,1404944,),
(12,9,16,1,8,16,-265,1108,),
(12,9,16,1,78,16,-2505,98058,),
(1,1,174,1,175,174,-60901,5328926,),
(2,1,87,1,73,87,-12703,463698,),
(2,1,87,1,83,87,-14443,599428,),
(3,1,58,1,248,58,-28769,3567483,),
(3,1,58,1,263,58,-30509,4012068,),
(4,3,44,1,13,44,-1147,7479,),
(4,3,44,1,31,44,-2731,42381,),
(5,5,36,1,239,36,-17213,2057556,),
(6,1,29,1,219,29,-12703,1391094,),
(6,1,29,1,249,29,-14443,1798284,),
(6,5,30,1,147,30,-8825,649011,),
(6,5,30,1,176,30,-10565,930166,),
(8,3,22,1,26,22,-1147,14958,),
(8,3,22,1,62,22,-2731,84762,),
(9,5,20,1,82,20,-3285,134899,),
(9,5,20,1,264,20,-10565,1395249,),
(10,5,18,1,201,18,-7241,728233,),
(10,5,18,1,245,18,-8825,1081685,),
(11,3,16,1,16,16,-515,4155,),
(11,3,16,1,105,16,-3363,176726,),
(12,5,15,1,17,15,-515,4432,),
(12,5,15,1,75,15,-2255,84762,),
(12,11,17,1,66,17,-2255,74790,),
(12,11,17,1,80,17,-2731,109692,),
(1,0,175,1,33,175,-11550,190576,),
(2,2,88,1,161,88,-28338,2281372,),
(4,2,44,1,45,44,-3962,89194,),
(4,2,44,1,169,44,-14874,1257026,),
(5,0,35,1,112,35,-7840,439045,),
(7,0,25,1,46,25,-2300,52907,),
(8,2,22,1,61,22,-2686,81992,),
(8,2,22,1,90,22,-3962,178388,),
(8,6,23,1,86,23,-3962,170632,),
(8,6,23,1,263,23,-12104,1592473,),
(10,10,20,1,150,20,-6010,451510,),
(11,2,16,1,193,16,-6178,596381,),
(11,2,16,1,257,16,-8226,1057309,),
(14,14,16,1,158,16,-5070,401650,),
(1,0,177,1,83,177,-29382,1219354,),
(2,2,89,1,25,89,-4452,55677,),
(3,0,59,1,28,59,-3304,46259,),
(6,6,31,1,80,31,-4966,198886,),
(1,1,178,1,134,178,-47705,3196303,),
(2,1,89,1,37,89,-6587,121880,),
(2,1,89,1,268,89,-47705,6392606,),
(3,3,60,1,199,60,-23883,2376660,),
(4,3,45,1,67,45,-6033,202210,),
(4,3,45,1,173,45,-15573,1347328,),
(5,3,36,1,147,36,-10587,778370,),
(5,3,36,1,153,36,-11019,843188,),
(6,3,30,1,121,30,-7263,439599,),
(6,3,30,1,239,30,-14343,1714353,),
(8,5,23,1,119,23,-5479,326306,),
(8,5,23,1,218,23,-10033,1094150,),
(9,3,20,1,43,20,-1723,37118,),
(9,3,20,1,220,20,-8803,968669,),
(9,9,22,1,11,22,-493,2770,),
(10,3,18,1,17,18,-615,5263,),
(10,3,18,1,29,18,-1047,15235,),
(10,7,19,1,16,19,-615,4986,),
(10,7,19,1,144,19,-5479,395002,),
(11,9,18,1,63,18,-2277,72020,),
(11,9,18,1,75,18,-2709,101936,),
(12,3,15,1,201,15,-6033,606630,),
(12,3,15,1,242,15,-7263,879198,),
(13,11,16,1,67,16,-2155,72574,),
(13,11,16,1,192,16,-6155,591949,),
(1,1,179,1,43,179,-15395,331015,),
(5,5,37,1,9,37,-671,3047,),
(11,11,19,1,134,19,-5103,342649,),
(13,13,17,1,166,17,-5657,470623,),
(1,1,180,1,71,180,-25561,907452,),
(2,1,90,1,142,90,-25561,1814904,),
(2,1,90,1,175,90,-31501,2756427,),
(3,1,60,1,124,60,-14881,922687,),
(3,1,60,1,213,60,-25561,2722356,),
(4,1,45,1,7,45,-631,2216,),
(4,1,45,1,73,45,-6571,239882,),
(5,1,36,1,22,36,-1585,17451,),
(5,1,36,1,78,36,-5617,219107,),
(6,1,30,1,149,30,-8941,666185,),
(6,1,30,1,248,30,-14881,1845374,),
(6,5,31,1,162,31,-10049,814380,),
(6,5,31,1,231,31,-14327,1655352,),
(7,3,26,1,76,26,-3955,150411,),
(7,3,26,1,105,26,-5463,286972,),
(8,7,24,1,13,24,-631,4155,),
(8,7,24,1,206,24,-9895,1019914,),
(9,1,20,1,85,20,-3401,144594,),
(9,1,20,1,95,20,-3801,180604,),
(10,1,18,1,44,18,-1585,34902,),
(10,1,18,1,156,18,-5617,438214,),
(10,9,20,1,251,20,-10049,1262289,),
(10,9,20,1,261,20,-10449,1364779,),
(12,1,15,1,21,15,-631,6648,),
(12,1,15,1,219,15,-6571,719646,),
(12,7,16,1,32,16,-1031,16620,),
(12,7,16,1,158,16,-5063,400542,),
(13,3,14,1,62,14,-1739,54015,),
(13,3,14,1,195,14,-5463,532948,),
(14,11,15,1,34,15,-1031,17728,),
(14,11,15,1,113,15,-3401,192792,),
(1,1,181,1,133,181,-48147,3201843,),
(3,3,61,1,104,61,-12691,660091,),
(11,5,17,1,145,17,-4935,358161,),
(11,5,17,1,148,17,-5037,373119,),
(1,1,183,1,25,183,-9151,114401,),
(3,1,61,1,75,61,-9151,343203,),
(3,1,61,1,93,61,-11347,527685,),
(5,3,37,1,41,37,-3037,62325,),
(5,3,37,1,191,37,-14137,1350375,),
(7,5,27,1,36,27,-1949,35179,),
(7,5,27,1,169,27,-9131,771999,),
(9,5,21,1,59,21,-2483,73405,),
(9,5,21,1,165,21,-6935,572559,),
(13,7,15,1,101,15,-3037,153735,),
(13,7,15,1,194,15,-5827,565911,),
(15,13,15,1,83,15,-2503,104429,),
(1,1,185,1,115,185,-42551,2446741,),
(5,1,37,1,21,37,-1555,16343,),
(5,1,37,1,241,37,-17835,2149243,),
(11,3,17,1,166,17,-5647,468961,),
(11,3,17,1,176,17,-5987,527131,),
(1,0,185,1,44,185,-16280,358161,),
(2,2,93,1,115,93,-21392,1230157,),
(3,2,62,1,34,62,-4218,71743,),
(3,2,62,1,100,62,-12402,620203,),
(5,0,37,1,57,37,-4218,120218,),
(6,2,31,1,68,31,-4218,143486,),
(6,2,31,1,200,31,-12402,1240406,),
(7,4,27,1,37,27,-2002,37118,),
(7,4,27,1,127,27,-6862,435998,),
(9,4,21,1,5,21,-214,554,),
(9,4,21,1,8,21,-340,1385,),
(10,10,21,1,84,21,-3538,149026,),
(13,12,17,1,120,17,-4092,246253,),
(13,12,17,1,140,17,-4772,334893,),
(14,10,15,1,11,15,-340,1939,),
(14,10,15,1,173,15,-5200,450679,),
(1,1,186,1,224,186,-83329,9332961,),
(2,1,93,1,171,93,-31807,2719586,),
(2,1,93,1,243,93,-45199,5491802,),
(3,1,62,1,118,62,-14633,863409,),
(3,1,62,1,226,62,-28025,3166941,),
(4,3,47,1,27,47,-2541,34348,),
(4,3,47,1,191,47,-17957,1715184,),
(6,1,31,1,175,31,-10851,949556,),
(6,1,31,1,236,31,-14633,1726818,),
(6,5,32,1,5,32,-325,831,),
(6,5,32,1,142,32,-9093,645964,),
(8,5,24,1,97,24,-4661,226309,),
(8,5,24,1,99,24,-4757,235727,),
(9,7,22,1,45,22,-1987,44874,),
(9,7,22,1,68,22,-2999,102213,),
(11,7,18,1,55,18,-1987,54846,),
(11,7,18,1,237,18,-8539,1012712,),
(12,5,16,1,7,16,-229,831,),
(12,5,16,1,10,16,-325,1662,),
(12,11,18,1,83,18,-2999,124927,),
(12,11,18,1,178,18,-6419,572282,),
(1,0,186,1,22,186,-8184,90025,),
(2,0,93,1,44,93,-8184,180050,),
(3,0,62,1,66,62,-8184,270075,),
(5,4,38,1,213,38,-16192,1724879,),
(5,4,38,1,268,38,-20372,2730389,),
(6,0,31,1,132,31,-8184,540150,),
(10,4,19,1,149,19,-5666,422425,),
(10,4,19,1,259,19,-9846,1275585,),
(11,2,17,1,94,17,-3198,150411,),
(11,2,17,1,134,17,-4558,305531,),
(13,6,15,1,4,15,-126,277,),
(13,6,15,1,51,15,-1536,39334,),
(1,1,187,1,83,187,-31043,1288327,),
(3,3,63,1,35,63,-4413,77283,),
(7,3,27,1,174,27,-9399,817981,),
(7,3,27,1,226,27,-12207,1379737,),
(9,3,21,1,105,21,-4413,231849,),
(9,3,21,1,251,21,-10545,1323783,),
(9,9,23,1,168,23,-7737,650673,),
(11,1,17,1,32,17,-1089,17451,),
(11,1,17,1,82,17,-2789,114401,),
(1,0,187,1,121,187,-45254,2737868,),
(2,2,94,1,58,94,-10906,316334,),
(4,2,47,1,116,47,-10906,632668,),
(4,2,47,1,214,47,-20118,2152844,),
(7,6,28,1,3,28,-174,277,),
(7,6,28,1,254,28,-14230,1807979,),
(11,0,17,1,54,17,-1836,49583,),
(14,6,14,1,6,14,-174,554,),
(1,0,188,1,94,188,-35344,1661169,),
(2,0,94,1,89,94,-16732,744576,),
(3,2,63,1,102,63,-12854,655659,),
(3,2,63,1,131,63,-16508,1081408,),
(4,0,47,1,99,47,-9306,460651,),
(4,4,48,1,105,48,-10084,529624,),
(6,4,32,1,19,32,-1220,11634,),
(6,4,32,1,154,32,-9860,759534,),
(7,2,27,1,121,27,-6536,395556,),
(7,2,27,1,238,27,-12854,1529871,),
(8,4,24,1,113,24,-5428,306916,),
(8,4,24,1,210,24,-10084,1059248,),
(9,2,21,1,29,21,-1220,17728,),
(9,2,21,1,116,21,-4874,282817,),
(12,4,16,1,31,16,-996,15512,),
(12,4,16,1,38,16,-1220,23268,),
(12,8,17,1,166,17,-5652,469792,),
(12,8,17,1,192,17,-6536,628236,),
(14,12,16,1,100,16,-3212,161214,),
(14,12,16,1,107,16,-3436,184482,),
(1,1,189,1,20,189,-7561,75621,),
(3,1,63,1,60,63,-7561,226863,),
(3,1,63,1,195,63,-24571,2395773,),
(5,5,39,1,175,39,-13655,1195255,),
(7,1,27,1,140,27,-7561,529347,),
(7,1,27,1,178,27,-9613,855653,),
(9,1,21,1,31,21,-1303,20221,),
(9,1,21,1,180,21,-7561,680589,),
(11,9,19,1,155,19,-5899,457881,),
(11,9,19,1,209,19,-7951,831831,),
(13,5,15,1,178,15,-5345,476163,),
(13,5,15,1,191,15,-5735,548183,),
(1,0,189,1,75,189,-28350,1063126,),
(2,2,95,1,224,95,-42562,4767170,),
(3,0,63,1,52,63,-6552,170355,),
(5,2,38,1,6,38,-458,1385,),
(5,2,38,1,96,38,-7298,350405,),
(6,6,33,1,74,33,-4890,181158,),
(7,0,27,1,29,27,-1566,22714,),
(9,0,21,1,121,21,-5082,307470,),
(9,6,22,1,65,22,-2866,93349,),
(9,6,22,1,111,22,-4890,271737,),
(10,2,19,1,12,19,-458,2770,),
(10,2,19,1,192,19,-7298,700810,),
(11,6,18,1,141,18,-5082,358715,),
(11,6,18,1,228,18,-8214,937091,),
(14,14,17,1,35,17,-1204,21329,),
(15,12,15,1,169,15,-5082,430458,),
(1,0,190,1,11,190,-4180,22991,),
(2,0,95,1,22,95,-4180,45982,),
(5,0,38,1,55,38,-4180,114955,),
(10,0,19,1,110,19,-4180,229910,),
(1,0,191,1,80,191,-30560,1222401,),
(2,2,96,1,12,96,-2306,13850,),
(3,2,64,1,18,64,-2306,20775,),
(3,2,64,1,233,64,-29826,3474965,),
(4,2,48,1,24,48,-2306,27700,),
(4,2,48,1,126,48,-12098,762304,),
(5,4,39,1,13,39,-1018,6648,),
(5,4,39,1,271,39,-21142,2865288,),
(6,2,32,1,36,32,-2306,41550,),
(6,2,32,1,189,32,-12098,1143456,),
(8,2,24,1,48,24,-2306,55400,),
(8,2,24,1,252,24,-12098,1524608,),
(8,6,25,1,46,25,-2306,53184,),
(8,6,25,1,264,25,-13206,1743992,),
(9,8,23,1,34,23,-1572,26869,),
(9,8,23,1,62,23,-2860,88917,),
(10,6,20,1,53,20,-2126,56508,),
(10,6,20,1,196,20,-7846,769506,),
(12,2,16,1,72,16,-2306,83100,),
(12,2,16,1,101,16,-3234,163430,),
(12,10,18,1,28,18,-1018,14404,),
(12,10,18,1,33,18,-1198,19944,),
(13,4,15,1,200,15,-6004,600813,),
(13,4,15,1,206,15,-6184,637377,),
(15,14,16,1,37,16,-1198,22437,),
(15,14,16,1,66,16,-2126,70635,),
(1,1,192,1,119,192,-45697,2719032,),
(2,1,96,1,215,96,-41281,4437817,),
(2,1,96,1,238,96,-45697,5438064,),
(3,1,64,1,80,64,-10241,409683,),
(3,1,64,1,184,64,-23553,2166971,),
(4,1,48,1,153,48,-14689,1123789,),
(4,1,48,1,199,48,-19105,1901051,),
(6,1,32,1,91,32,-5825,265089,),
(6,1,32,1,160,32,-10241,819366,),
(6,5,33,1,4,33,-269,554,),
(6,5,33,1,63,33,-4163,131298,),
(8,1,24,1,29,24,-1393,20221,),
(8,1,24,1,121,24,-5809,351513,),
(9,5,22,1,6,22,-269,831,),
(9,5,22,1,233,22,-10257,1195532,),
(11,5,18,1,192,18,-6917,664523,),
(11,5,18,1,254,18,-9149,1162569,),
(12,1,16,1,43,16,-1377,29639,),
(12,1,16,1,182,16,-5825,530178,),
(12,7,17,1,24,17,-823,9972,),
(12,7,17,1,220,17,-7487,824352,),
(13,13,18,1,161,18,-5809,468684,),
(1,0,192,1,48,192,-18432,442369,),
(2,0,96,1,96,96,-18432,884738,),
(3,0,64,1,133,64,-17024,1132099,),
(4,0,48,1,85,48,-8160,346804,),
(4,4,49,1,38,49,-3728,70912,),
(6,0,32,1,11,32,-704,3878,),
(7,4,28,1,151,28,-8460,639039,),
(7,4,28,1,205,28,-11484,1177527,),
(8,0,24,1,107,24,-5136,274784,),
(8,8,26,1,56,26,-2920,81992,),
(12,0,16,1,22,16,-704,7756,),
(12,12,19,1,164,19,-6244,513004,),
(13,8,16,1,47,16,-1512,35733,),
(13,8,16,1,91,16,-2920,133237,),
(14,4,14,1,25,14,-704,8864,),
(16,16,16,1,116,16,-3728,217168,),
(1,0,193,1,102,193,-39372,2007973,),
(2,2,97,1,83,97,-16104,668401,),
(11,8,19,1,130,19,-4948,322151,),
(11,8,19,1,132,19,-5024,332123,),
(1,0,194,1,78,194,-30264,1180297,),
(2,0,97,1,121,97,-23474,1420179,),
(3,2,65,1,220,65,-28602,3146443,),
(3,2,65,1,253,65,-32892,4161094,),
(5,2,39,1,182,39,-14198,1292205,),
(5,2,39,1,237,39,-18488,2191070,),
(6,4,33,1,22,33,-1456,16066,),
(6,4,33,1,87,33,-5746,250131,),
(7,6,29,1,13,29,-760,4986,),
(7,6,29,1,25,29,-1456,18282,),
(9,4,22,1,33,22,-1456,24099,),
(9,4,22,1,269,22,-11840,1593027,),
(10,8,21,1,140,21,-5888,412730,),
(10,8,21,1,163,21,-6854,559263,),
(11,4,18,1,21,18,-760,8033,),
(11,4,18,1,225,18,-8104,912161,),
(13,2,15,1,30,15,-902,13573,),
(13,2,15,1,173,15,-5192,449294,),
(14,8,15,1,62,15,-1868,58170,),
(14,8,15,1,196,15,-5888,577822,),
(1,1,195,1,182,195,-70981,6459363,),
(3,1,65,1,106,65,-13781,730449,),
(3,1,65,1,269,65,-34971,4703737,),
(5,1,39,1,79,39,-6163,243483,),
(5,1,39,1,269,39,-20983,2822353,),
(9,7,23,1,179,23,-8241,738205,),
(9,7,23,1,182,23,-8379,763135,),
(13,1,15,1,90,15,-2701,121603,),
(13,1,15,1,150,15,-4501,337663,),
(15,11,15,1,182,15,-5471,498877,),
(1,1,196,1,84,196,-32929,1383061,),
(2,1,98,1,168,98,-32929,2766122,),
(2,1,98,1,174,98,-34105,2967224,),
(3,3,66,1,27,66,-3567,48198,),
(4,1,49,1,59,49,-5783,170632,),
(4,1,49,1,71,49,-6959,247084,),
(6,3,33,1,54,33,-3567,96396,),
(6,3,33,1,97,33,-6405,310794,),
(7,1,28,1,34,28,-1905,32409,),
(7,1,28,1,55,28,-3081,84762,),
(8,7,26,1,155,26,-8067,625743,),
(8,7,26,1,175,26,-9107,797483,),
(9,3,22,1,7,22,-311,1108,),
(9,3,22,1,81,22,-3567,144594,),
(9,9,24,1,64,24,-3081,98889,),
(11,3,18,1,99,18,-3567,176726,),
(11,3,18,1,224,18,-8067,903851,),
(12,9,18,1,145,18,-5229,379767,),
(12,9,18,1,270,18,-9729,1314642,),
(13,7,16,1,42,16,-1351,28531,),
(13,7,16,1,148,16,-4743,351513,),
(14,1,14,1,68,14,-1905,64818,),
(14,13,17,1,186,17,-6337,590564,),
(14,13,17,1,188,17,-6405,603306,),
(1,0,196,1,123,196,-48216,2965285,),
(2,0,98,1,31,98,-6076,94180,),
(4,0,49,1,62,49,-6076,188360,),
(4,4,50,1,50,50,-5004,125204,),
(5,4,40,1,159,40,-12724,1011881,),
(5,4,40,1,201,40,-16084,1616849,),
(7,0,28,1,30,28,-1680,25207,),
(8,4,25,1,100,25,-5004,250408,),
(8,4,25,1,199,25,-9954,990829,),
(10,4,20,1,41,20,-1644,33794,),
(10,4,20,1,125,20,-5004,313010,),
(13,10,17,1,98,17,-3342,164261,),
(13,10,17,1,211,17,-7184,758980,),
(14,0,14,1,60,14,-1680,50414,),
(1,1,198,1,61,198,-24157,736820,),
(2,1,99,1,122,99,-24157,1473640,),
(2,1,99,1,141,99,-27919,1968362,),
(3,1,66,1,73,66,-9637,351790,),
(3,1,66,1,183,66,-24157,2210460,),
(4,3,50,1,236,50,-23603,2785512,),
(4,3,50,1,257,50,-25703,3303225,),
(5,3,40,1,18,40,-1443,13019,),
(5,3,40,1,252,40,-20163,2540921,),
(6,1,33,1,89,33,-5875,261488,),
(6,1,33,1,146,33,-9637,703580,),
(6,5,34,1,13,34,-889,5817,),
(6,5,34,1,272,34,-18501,2516822,),
(7,7,30,1,22,30,-1327,14681,),
(8,3,25,1,195,25,-9753,951218,),
(8,3,25,1,237,25,-11853,1404944,),
(9,1,22,1,219,22,-9637,1055370,),
(9,1,22,1,272,22,-11969,1627929,),
(10,3,20,1,36,20,-1443,26038,),
(10,3,20,1,227,20,-9083,1031271,),
(10,7,21,1,21,21,-889,9418,),
(10,7,21,1,71,21,-2989,106368,),
(11,1,18,1,83,18,-2989,124096,),
(11,1,18,1,117,18,-4213,246530,),
(12,5,17,1,26,17,-889,11634,),
(12,5,17,1,267,17,-9083,1213260,),
(12,11,19,1,96,19,-3659,176172,),
(12,11,19,1,195,19,-7421,724632,),
(14,7,15,1,44,15,-1327,29362,),
(14,7,15,1,251,15,-7537,946786,),
(15,13,16,1,62,16,-1997,62325,),
(15,13,16,1,93,16,-2989,139608,),
(1,0,198,1,47,198,-18612,437383,),
(2,0,99,1,94,99,-18612,874766,),
(3,0,66,1,136,66,-17952,1220739,),
(6,0,33,1,5,33,-330,831,),
(9,0,22,1,131,22,-5764,377551,),
(9,6,23,1,77,23,-3548,136838,),
(9,6,23,1,272,23,-12518,1703273,),
(11,0,18,1,37,18,-1332,24653,),
(13,12,18,1,55,18,-1992,55123,),
(13,12,18,1,129,18,-4656,301099,),
(1,1,199,1,158,199,-62885,4967995,),
(3,3,67,1,2,67,-271,277,),
(5,5,41,1,10,41,-825,4155,),
(15,15,17,1,89,17,-3041,136007,),
(1,1,201,1,28,201,-11257,157613,),
(3,1,67,1,84,67,-11257,472839,),
(3,1,67,1,255,67,-34171,4356933,),
(7,3,29,1,3,29,-177,277,),
(7,3,29,1,16,29,-931,7479,),
(9,5,23,1,76,23,-3501,133237,),
(9,5,23,1,261,23,-12011,1568097,),
(11,11,21,1,167,21,-7025,587517,),
(13,9,17,1,76,17,-2593,98889,),
(13,9,17,1,119,17,-4055,241821,),
(1,0,201,1,125,201,-50250,3140626,),
(2,2,101,1,20,101,-4042,40442,),
(3,0,67,1,98,67,-13132,643471,),
(5,4,41,1,52,41,-4268,111077,),
(5,4,41,1,56,41,-4596,128805,),
(6,6,35,1,26,35,-1826,23822,),
(7,6,30,1,215,30,-12906,1388047,),
(7,6,30,1,228,30,-13686,1560895,),
(10,6,21,1,207,21,-8700,901081,),
(10,6,21,1,228,21,-9582,1093042,),
(14,6,15,1,153,15,-4596,352067,),
(14,6,15,1,179,15,-5376,481703,),
(1,0,202,1,101,202,-40804,2060603,),
(2,0,101,1,75,101,-15150,568127,),
(7,2,29,1,137,29,-7948,544582,),
(7,2,29,1,245,29,-14212,1741222,),
(14,12,17,1,266,17,-9056,1206058,),
(14,12,17,1,271,17,-9226,1251763,),
(1,0,203,1,54,203,-21924,591949,),
(2,2,102,1,45,102,-9182,206642,),
(3,2,68,1,128,68,-17410,1114371,),
(3,2,68,1,206,68,-28018,2886063,),
(4,2,51,1,90,51,-9182,413284,),
(4,2,51,1,263,51,-26828,3528149,),
(6,2,34,1,135,34,-9182,619926,),
(6,2,34,1,256,34,-17410,2228742,),
(7,0,29,1,101,29,-5858,295836,),
(9,4,23,1,55,23,-2534,69804,),
(9,4,23,1,270,23,-12424,1677789,),
(12,2,17,1,235,17,-7992,939307,),
(12,2,17,1,270,17,-9182,1239852,),
(12,10,19,1,81,19,-3088,125481,),
(12,10,19,1,108,19,-4114,222708,),
(14,14,18,1,70,18,-2534,89194,),
(1,1,204,1,55,204,-22441,617156,),
(2,1,102,1,110,102,-22441,1234312,),
(2,1,102,1,186,102,-37945,3528980,),
(3,1,68,1,2,68,-273,277,),
(3,1,68,1,165,68,-22441,1851468,),
(4,1,51,1,95,51,-9691,460374,),
(4,1,51,1,220,51,-22441,2468624,),
(5,5,42,1,122,42,-10253,625743,),
(6,1,34,1,4,34,-273,554,),
(6,1,34,1,53,34,-3605,95565,),
(6,5,35,1,91,35,-6375,290296,),
(6,5,35,1,265,35,-18555,2459206,),
(7,5,30,1,60,30,-3605,108307,),
(7,5,30,1,263,30,-15785,2076392,),
(8,7,27,1,87,27,-4705,204980,),
(8,7,27,1,200,27,-10807,1081408,),
(9,7,24,1,225,24,-10807,1216584,),
(9,7,24,1,271,24,-13015,1764490,),
(10,5,21,1,244,21,-10253,1251486,),
(10,5,21,1,257,21,-10799,1388324,),
(12,1,17,1,8,17,-273,1108,),
(12,1,17,1,106,17,-3605,191130,),
(12,7,18,1,23,18,-835,9695,),
(12,7,18,1,269,18,-9691,1304393,),
(13,11,18,1,115,18,-4151,239328,),
(13,11,18,1,146,18,-5267,385307,),
(14,5,15,1,120,15,-3605,216614,),
(14,5,15,1,249,15,-7475,931274,),
(14,9,16,1,147,16,-4713,347081,),
(14,9,16,1,216,16,-6921,748454,),
(1,1,205,1,104,205,-42641,2217385,),
(3,3,69,1,40,69,-5523,110523,),
(5,1,41,1,61,41,-5003,152627,),
(5,1,41,1,243,41,-19927,2421257,),
(7,7,31,1,161,31,-9989,804685,),
(9,3,23,1,120,23,-5523,331569,),
(9,3,23,1,193,23,-8881,857315,),
(9,9,25,1,210,25,-10509,1104399,),
(13,13,19,1,73,19,-2787,102213,),
(15,9,15,1,73,15,-2199,80607,),
(1,0,206,1,133,206,-54796,3643935,),
(2,0,103,1,11,103,-2266,12465,),
(3,2,69,1,104,69,-14354,746515,),
(3,2,69,1,181,69,-24980,2260874,),
(5,4,42,1,205,42,-17224,1765875,),
(5,4,42,1,217,42,-18232,1978611,),
(6,4,35,1,205,35,-14354,1471701,),
(6,4,35,1,246,35,-17224,2119050,),
(7,4,30,1,10,30,-604,3047,),
(7,4,30,1,193,30,-11584,1118249,),
(9,2,23,1,35,23,-1612,28254,),
(9,2,23,1,266,23,-12238,1627929,),
(10,4,21,1,133,21,-5590,372011,),
(10,4,21,1,157,21,-6598,518267,),
(11,10,21,1,212,21,-8914,945955,),
(11,10,21,1,236,21,-9922,1171987,),
(14,4,15,1,20,15,-604,6094,),
(14,4,15,1,109,15,-3274,178665,),
(15,14,17,1,47,17,-1612,38226,),
(15,14,17,1,164,17,-5590,459543,),
(1,1,207,1,2,207,-829,831,),
(3,1,69,1,6,69,-829,2493,),
(3,1,69,1,275,69,-37951,5218403,),
(9,1,23,1,18,23,-829,7479,),
(9,1,23,1,271,23,-12467,1689423,),
(11,3,19,1,51,19,-1941,49583,),
(11,3,19,1,255,19,-9693,1236251,),
(1,0,207,1,98,207,-40572,1988029,),
(2,2,104,1,26,104,-5410,70358,),
(3,0,69,1,17,69,-2346,19944,),
(4,2,52,1,52,52,-5410,140716,),
(4,2,52,1,193,52,-20074,1937338,),
(6,6,36,1,152,36,-10950,832662,),
(8,2,26,1,104,26,-5410,281432,),
(8,2,26,1,109,26,-5670,309132,),
(8,6,27,1,18,27,-978,8864,),
(8,6,27,1,228,27,-12318,1404944,),
(9,0,23,1,51,23,-2346,59832,),
(9,6,24,1,118,24,-5670,334893,),
(9,6,24,1,228,24,-10950,1248993,),
(12,6,18,1,27,18,-978,13296,),
(12,6,18,1,65,18,-2346,76452,),
(13,2,16,1,4,16,-130,277,),
(13,2,16,1,169,16,-5410,457327,),
(16,14,16,1,134,16,-4302,289188,),
(1,1,208,1,275,208,-114401,15730276,),
(2,1,104,1,273,104,-56785,7751291,),
(3,3,70,1,275,70,-38503,5294578,),
(4,1,52,1,269,52,-27977,3763045,),
(5,3,42,1,89,42,-7479,332954,),
(6,3,35,1,273,35,-19113,2609340,),
(7,3,30,1,180,30,-10803,972547,),
(8,1,26,1,261,26,-13573,1771415,),
(10,3,21,1,178,21,-7479,665908,),
(10,7,22,1,195,22,-8587,837925,),
(11,7,20,1,76,20,-3047,116063,),
(12,9,19,1,182,19,-6925,631006,),
(13,1,16,1,251,16,-8033,1008280,),
(14,3,15,1,83,15,-2493,103598,),
(14,11,17,1,73,17,-2493,91410,),
(1,0,208,1,120,208,-49920,2995201,),
(2,0,104,1,37,104,-7696,142378,),
(4,0,52,1,74,52,-7696,284756,),
(4,4,53,1,173,53,-18342,1586933,),
(7,6,31,1,260,31,-16126,2097167,),
(7,6,31,1,267,31,-16560,2211568,),
(8,0,26,1,129,26,-6708,432674,),
(8,8,28,1,179,28,-10032,898588,),
(11,2,19,1,89,19,-3384,150688,),
(11,2,19,1,115,19,-4372,251516,),
(13,0,16,1,102,16,-3264,166477,),
(14,8,16,1,171,16,-5480,469238,),
(14,8,16,1,244,16,-7816,954542,),
(16,16,17,1,177,17,-6034,535441,),
(1,1,209,1,7,209,-2927,10249,),
(5,5,43,1,11,43,-951,5263,),
(11,1,19,1,25,19,-951,11911,),
(11,1,19,1,77,19,-2927,112739,),
(13,7,17,1,37,17,-1265,23545,),
(13,7,17,1,207,17,-7045,729895,),
(1,0,210,1,40,210,-16800,336001,),
(2,0,105,1,80,105,-16800,672002,),
(3,0,70,1,120,70,-16800,1008003,),
(5,0,42,1,77,42,-6468,249023,),
(6,0,35,1,37,35,-2590,47921,),
(7,0,30,1,3,30,-180,277,),
(10,0,21,1,123,21,-5166,317719,),
(14,0,15,1,6,15,-180,554,),
(1,1,211,1,56,211,-23633,661753,),
(3,3,71,1,143,71,-20309,1452311,),
(7,5,31,1,137,31,-8499,582531,),
(7,5,31,1,256,31,-15877,2032903,),
(11,9,21,1,114,21,-4797,273953,),
(11,9,21,1,123,21,-5175,318827,),
(1,0,211,1,129,211,-54438,3511252,),
(2,2,106,1,177,106,-37526,3321230,),
(4,2,53,1,77,53,-8164,314395,),
(4,2,53,1,247,53,-26184,3233975,),
(5,4,43,1,82,43,-7056,289465,),
(5,4,43,1,240,43,-20644,2477765,),
(10,6,22,1,198,22,-8718,863686,),
(10,6,22,1,255,22,-11226,1432090,),
(11,6,20,1,107,20,-4286,229633,),
(11,6,20,1,142,20,-5686,404143,),
(13,12,19,1,25,19,-962,12188,),
(13,12,19,1,91,19,-3470,158444,),
(1,1,212,1,77,212,-32649,1257026,),
(2,1,106,1,154,106,-32649,2514052,),
(2,1,106,1,204,106,-43249,4411502,),
(4,1,53,1,31,53,-3287,50968,),
(4,1,53,1,131,53,-13887,909668,),
(7,7,32,1,113,32,-7239,409406,),
(8,7,28,1,19,28,-1071,10249,),
(8,7,28,1,50,28,-2807,70358,),
(11,11,22,1,150,22,-6611,496661,),
(14,7,16,1,226,16,-7239,818812,),
(14,7,16,1,241,16,-7719,930997,),
(1,0,213,1,104,213,-44304,2303809,),
(2,2,107,1,119,107,-25468,1515467,),
(3,0,71,1,35,71,-4970,86978,),
(6,6,37,1,75,37,-5556,208581,),
(7,4,31,1,27,31,-1678,22714,),
(7,4,31,1,232,31,-14388,1669479,),
(14,10,17,1,97,17,-3308,160937,),
(14,10,17,1,212,17,-7218,766182,),
(1,0,214,1,24,214,-10272,123265,),
(2,0,107,1,48,107,-10272,246530,),
(5,2,43,1,55,43,-4732,130190,),
(5,2,43,1,106,43,-9118,483365,),
(10,8,23,1,186,23,-8564,797206,),
(10,8,23,1,187,23,-8610,805793,),
(1,1,215,1,3,215,-1291,1939,),
(5,1,43,1,15,43,-1291,9695,),
(5,1,43,1,204,43,-17545,1789697,),
(7,3,31,1,128,31,-7939,508295,),
(7,3,31,1,274,31,-16991,2328185,),
(13,5,17,1,103,17,-3507,180881,),
(13,5,17,1,190,17,-6465,614663,),
(1,0,215,1,137,215,-58910,4035336,),
(2,2,108,1,165,108,-35642,2940632,),
(3,2,72,1,109,72,-15698,855653,),
(3,2,72,1,268,72,-38594,5171867,),
(4,2,54,1,53,54,-5726,151796,),
(4,2,54,1,265,54,-28622,3792684,),
(5,0,43,1,131,43,-11266,737928,),
(6,2,36,1,218,36,-15698,1711306,),
(6,2,36,1,259,36,-18650,2415440,),
(7,6,32,1,124,32,-7942,492783,),
(7,6,32,1,274,32,-17542,2404083,),
(8,2,27,1,106,27,-5726,303592,),
(8,2,27,1,253,27,-13664,1728757,),
(8,6,28,1,23,28,-1294,14958,),
(8,6,28,1,234,28,-13110,1534580,),
(9,2,24,1,50,24,-2402,60109,),
(9,2,24,1,250,24,-12002,1500509,),
(10,10,24,1,19,24,-922,8864,),
(11,8,21,1,57,21,-2402,68696,),
(11,8,21,1,246,21,-10340,1272815,),
(12,2,18,1,159,18,-5726,455388,),
(12,2,18,1,241,18,-8678,1045952,),
(12,10,20,1,189,20,-7570,716322,),
(12,10,20,1,226,20,-9050,1023792,),
(14,6,16,1,248,16,-7942,985566,),
(14,6,16,1,271,16,-8678,1176696,),
(15,10,16,1,144,16,-4618,333231,),
(15,10,16,1,167,16,-5354,447909,),
(1,1,217,1,244,217,-105897,12919557,),
(3,3,73,1,7,73,-1025,3601,),
(7,1,31,1,46,31,-2853,65649,),
(7,1,31,1,88,31,-5457,240159,),
(13,11,19,1,85,19,-3241,138223,),
(13,11,19,1,206,19,-7839,808563,),
(17,17,17,1,116,17,-3961,230741,),
(1,1,218,1,168,218,-73249,6153001,),
(2,1,109,1,59,109,-12863,379490,),
(2,1,109,1,157,109,-34227,2686900,),
(4,3,55,1,155,55,-17053,1321844,),
(4,3,55,1,268,55,-29483,3951128,),
(5,3,44,1,58,44,-5107,148195,),
(5,3,44,1,263,44,-23147,3044230,),
(7,5,32,1,24,32,-1541,18559,),
(7,5,32,1,123,32,-7877,484750,),
(8,5,28,1,67,28,-3757,126035,),
(8,5,28,1,101,28,-5661,286141,),
(10,3,22,1,116,22,-5107,296390,),
(10,3,22,1,249,22,-10959,1364779,),
(10,7,23,1,147,23,-6769,498046,),
(10,7,23,1,214,23,-9851,1054816,),
(11,3,20,1,80,20,-3203,128251,),
(11,3,20,1,183,20,-7323,670340,),
(13,13,20,1,149,20,-5973,445970,),
(14,5,16,1,48,16,-1541,37118,),
(14,5,16,1,246,16,-7877,969500,),
(14,9,17,1,208,17,-7081,737374,),
(14,9,17,1,264,17,-8985,1187222,),
(1,0,218,1,51,218,-22236,567019,),
(2,0,109,1,102,109,-22236,1134038,),
(3,2,73,1,45,73,-6572,147918,),
(3,2,73,1,213,73,-31100,3312366,),
(6,4,37,1,231,37,-17098,1975287,),
(6,4,37,1,263,37,-19466,2560311,),
(9,8,26,1,41,26,-2140,44043,),
(9,8,26,1,257,26,-13372,1719339,),
(13,8,18,1,90,18,-3248,146533,),
(13,8,18,1,125,18,-4508,282263,),
(1,1,220,1,38,220,-16721,317719,),
(2,1,110,1,76,110,-16721,635438,),
(2,1,110,1,133,110,-29261,1945925,),
(3,3,74,1,164,74,-24275,1990799,),
(4,1,55,1,152,55,-16721,1270876,),
(4,1,55,1,266,55,-29261,3891850,),
(5,1,44,1,190,44,-16721,1588595,),
(5,1,44,1,194,44,-17073,1656183,),
(6,3,37,1,51,37,-3777,96396,),
(6,3,37,1,181,37,-13397,1212706,),
(8,7,29,1,65,29,-3777,122988,),
(8,7,29,1,164,29,-9519,781140,),
(10,1,22,1,103,22,-4533,233511,),
(10,1,22,1,111,22,-4885,271183,),
(10,9,24,1,25,24,-1209,15235,),
(10,9,24,1,217,24,-10425,1132099,),
(11,1,20,1,39,20,-1561,30470,),
(11,1,20,1,141,20,-5641,397772,),
(12,9,20,1,30,20,-1209,18282,),
(12,9,20,1,205,20,-8209,842357,),
(15,9,16,1,176,16,-5641,497215,),
(15,9,16,1,187,16,-5993,561202,),
(1,0,220,1,62,220,-27280,845681,),
(2,0,110,1,124,110,-27280,1691362,),
(4,0,55,1,29,55,-3190,46259,),
(4,4,56,1,16,56,-1796,14404,),
(5,0,44,1,33,44,-2904,47921,),
(7,4,32,1,28,32,-1796,25207,),
(7,4,32,1,145,32,-9284,673387,),
(8,4,28,1,32,28,-1796,28808,),
(8,4,28,1,47,28,-2636,62048,),
(10,0,22,1,66,22,-2904,95842,),
(11,0,20,1,128,20,-5120,327691,),
(13,2,17,1,232,17,-7890,915485,),
(13,2,17,1,273,17,-9284,1267552,),
(14,4,16,1,13,16,-420,2770,),
(14,4,16,1,56,16,-1796,50414,),
(16,12,16,1,82,16,-2636,108584,),
(1,1,221,1,173,221,-76467,6614483,),
(13,1,17,1,33,17,-1123,18559,),
(13,1,17,1,81,17,-2755,111631,),
(1,0,222,1,39,222,-17316,337663,),
(2,0,111,1,78,111,-17316,675326,),
(3,0,74,1,117,74,-17316,1012989,),
(6,0,37,1,43,37,-3182,68419,),
(7,6,33,1,86,33,-5682,244591,),
(7,6,33,1,216,33,-14262,1540951,),
(11,6,21,1,56,21,-2358,66203,),
(11,6,21,1,102,21,-4290,219107,),
(13,10,19,1,193,19,-7344,709674,),
(13,10,19,1,273,19,-10384,1418794,),
(14,8,17,1,118,17,-4020,237666,),
(14,8,17,1,240,17,-8168,981134,),
(1,1,224,1,19,224,-8513,80884,),
(2,1,112,1,38,112,-8513,161768,),
(2,1,112,1,192,112,-43009,4128962,),
(4,1,56,1,76,56,-8513,323536,),
(4,1,56,1,107,56,-11985,641255,),
(5,5,46,1,70,46,-6445,225755,),
(7,1,32,1,118,32,-7553,445693,),
(7,1,32,1,133,32,-8513,566188,),
(8,1,28,1,152,28,-8513,647072,),
(8,1,28,1,214,28,-11985,1282510,),
(10,5,23,1,140,23,-6445,451510,),
(10,5,23,1,197,23,-9067,893602,),
(14,1,16,1,236,16,-7553,891386,),
(14,1,16,1,266,16,-8513,1132376,),
(14,13,19,1,5,19,-203,554,),
(14,13,19,1,213,19,-8107,864794,),
(1,0,225,1,4,225,-1800,3601,),
(2,2,113,1,182,113,-41134,3743378,),
(3,0,75,1,12,75,-1800,10803,),
(5,0,45,1,20,45,-1800,18005,),
(6,6,39,1,23,39,-1800,20775,),
(9,0,25,1,36,25,-1800,32409,),
(9,6,26,1,173,26,-9002,779201,),
(9,6,26,1,189,26,-9834,929889,),
(10,10,25,1,130,25,-6510,423810,),
(13,6,18,1,96,18,-3462,166477,),
(13,6,18,1,273,18,-9834,1343173,),
(15,0,15,1,60,15,-1800,54015,),
(17,16,17,1,191,17,-6510,623250,),
(1,1,227,1,81,227,-36775,1489429,),
(13,9,19,1,140,19,-5329,373673,),
(13,9,19,1,224,19,-8521,955373,),
(1,0,228,1,79,228,-36024,1422949,),
(2,0,114,1,119,114,-27132,1614356,),
(3,0,76,1,40,76,-6080,121603,),
(4,0,57,1,39,57,-4446,86701,),
(4,4,58,1,167,58,-19376,1618234,),
(6,0,38,1,80,38,-6080,243206,),
(8,4,29,1,57,29,-3310,94457,),
(8,4,29,1,153,29,-8878,679481,),
(11,10,23,1,144,23,-6634,478379,),
(11,10,23,1,253,23,-11648,1474748,),
(12,0,19,1,117,19,-4446,260103,),
(12,12,22,1,12,22,-540,3324,),
(1,1,229,1,9,229,-4123,18559,),
(3,3,77,1,239,77,-36809,4399037,),
(5,5,47,1,127,47,-11943,758703,),
(7,3,33,1,55,33,-3633,99997,),
(7,3,33,1,96,33,-6339,304423,),
(11,3,21,1,126,21,-5295,333785,),
(11,3,21,1,230,21,-9663,1111601,),
(15,15,19,1,181,19,-6893,625189,),
(1,0,229,1,57,229,-26106,744022,),
(2,2,115,1,84,115,-19322,811610,),
(5,2,46,1,79,46,-7270,287249,),
(5,2,46,1,210,46,-19322,2029025,),
(7,6,34,1,170,34,-11566,983627,),
(7,6,34,1,172,34,-11702,1006895,),
(10,2,23,1,143,23,-6580,470623,),
(10,2,23,1,158,23,-7270,574498,),
(14,6,17,1,63,17,-2148,67865,),
(14,6,17,1,67,17,-2284,76729,),
(1,1,230,1,122,230,-56121,3423443,),
(2,1,115,1,244,115,-56121,6846886,),
(2,1,115,1,257,115,-59111,7595894,),
(4,3,58,1,202,58,-23435,2367242,),
(4,3,58,1,223,58,-25871,2884955,),
(5,1,46,1,56,46,-5153,144317,),
(5,1,46,1,227,46,-20885,2370566,),
(8,3,29,1,127,29,-7369,468130,),
(8,3,29,1,169,29,-9805,828784,),
(10,1,23,1,112,23,-5153,288634,),
(10,1,23,1,177,23,-8143,720754,),
(10,9,25,1,207,25,-10359,1073098,),
(10,9,25,1,258,25,-12909,1666432,),
(11,7,22,1,54,22,-2383,64541,),
(11,7,22,1,59,22,-2603,77006,),
(13,11,20,1,87,20,-3491,152350,),
(13,11,20,1,231,20,-9251,1069774,),
(16,13,17,1,11,17,-387,2216,),
(16,13,17,1,86,17,-2937,126866,),
(1,0,230,1,77,230,-35420,1363671,),
(2,0,115,1,123,115,-28290,1739837,),
(3,2,77,1,29,77,-4468,64818,),
(3,2,77,1,212,77,-32650,3461115,),
(5,0,46,1,108,46,-9936,536549,),
(6,4,39,1,35,39,-2734,47921,),
(6,4,39,1,249,39,-19426,2419041,),
(7,2,33,1,33,33,-2180,36010,),
(7,2,33,1,160,33,-10562,845127,),
(9,4,26,1,191,26,-9936,949279,),
(9,4,26,1,235,26,-12224,1436799,),
(10,0,23,1,61,23,-2806,85593,),
(11,2,21,1,14,21,-590,4155,),
(11,2,21,1,131,21,-5504,360654,),
(13,4,18,1,122,18,-4396,268413,),
(13,4,18,1,124,18,-4468,277277,),
(14,12,19,1,161,19,-6130,494445,),
(14,12,19,1,232,19,-8828,1025454,),
(15,10,17,1,129,17,-4396,284202,),
(15,10,17,1,180,17,-6130,552615,),
(1,1,231,1,127,231,-58675,3725927,),
(3,1,77,1,104,77,-16017,832939,),
(3,1,77,1,155,77,-23871,1850083,),
(7,1,33,1,58,33,-3829,111077,),
(7,1,33,1,177,33,-11683,1034041,),
(9,7,27,1,40,27,-2167,43489,),
(9,7,27,1,247,27,-13345,1648981,),
(11,1,21,1,12,21,-505,3047,),
(11,1,21,1,199,21,-8359,831831,),
(13,13,21,1,80,21,-3373,135453,),
(1,1,233,1,53,233,-24699,654551,),
(5,3,47,1,26,47,-2447,31855,),
(5,3,47,1,192,47,-18051,1733189,),
(7,7,35,1,52,35,-3647,95011,),
(11,9,23,1,53,23,-2447,65095,),
(11,9,23,1,55,23,-2539,70081,),
(17,15,17,1,153,17,-5217,400265,),
(1,1,235,1,79,235,-37131,1466715,),
(3,3,79,1,56,79,-8851,247915,),
(5,1,47,1,47,47,-4419,103875,),
(5,1,47,1,118,47,-11093,654551,),
(13,7,19,1,189,19,-7189,680035,),
(13,7,19,1,248,19,-9431,1170325,),
(15,9,17,1,49,17,-1675,41273,),
(15,9,17,1,146,17,-4973,363701,),
(1,1,236,1,80,236,-37761,1510481,),
(2,1,118,1,63,118,-14869,468407,),
(2,1,118,1,160,118,-37761,3020962,),
(4,1,59,1,43,59,-5075,109138,),
(4,1,59,1,126,59,-14869,936814,),
(7,3,34,1,42,34,-2859,60109,),
(7,3,34,1,129,34,-8775,566188,),
(8,7,31,1,46,31,-2859,65926,),
(8,7,31,1,61,31,-3789,115786,),
(11,5,22,1,86,22,-3789,163153,),
(11,5,22,1,153,22,-6737,515774,),
(14,3,17,1,84,17,-2859,120218,),
(14,3,17,1,258,17,-8775,1132376,),
(14,11,19,1,114,19,-4343,248192,),
(14,11,19,1,177,19,-6737,597212,),
(16,9,16,1,141,16,-4521,319381,),
(1,0,236,1,132,236,-62304,4112065,),
(2,0,118,1,13,118,-3068,19944,),
(3,2,79,1,72,79,-11378,409683,),
(3,2,79,1,219,79,-34604,3789360,),
(4,0,59,1,26,59,-3068,39888,),
(4,4,60,1,44,60,-5284,116340,),
(5,4,48,1,55,48,-5284,145425,),
(5,4,48,1,245,48,-23524,2882185,),
(6,4,40,1,17,40,-1364,11634,),
(6,4,40,1,66,40,-5284,174510,),
(7,6,35,1,20,35,-1406,14127,),
(7,6,35,1,241,35,-16876,2034288,),
(8,4,30,1,88,30,-5284,232680,),
(8,4,30,1,115,30,-6904,397218,),
(9,8,28,1,44,28,-2472,54569,),
(9,8,28,1,114,28,-6392,364809,),
(10,4,24,1,110,24,-5284,290850,),
(10,4,24,1,213,24,-10228,1089718,),
(12,4,20,1,34,20,-1364,23268,),
(12,4,20,1,132,20,-5284,349020,),
(12,8,21,1,151,21,-6350,480041,),
(12,8,21,1,152,21,-6392,486412,),
(14,8,18,1,85,18,-3068,130744,),
(14,8,18,1,130,18,-4688,305254,),
(15,4,16,1,165,16,-5284,436275,),
(15,4,16,1,181,16,-5796,524915,),
(15,14,19,1,123,19,-4688,289188,),
(15,14,19,1,197,19,-7500,740144,),
(16,12,17,1,41,17,-1406,29085,),
(16,12,17,1,219,17,-7458,817981,),
(1,1,237,1,75,237,-35551,1333201,),
(3,1,79,1,59,79,-9323,275061,),
(3,1,79,1,225,79,-35551,3999603,),
(9,5,27,1,94,27,-5081,239051,),
(9,5,27,1,111,27,-5999,333231,),
(1,0,237,1,43,237,-20382,438214,),
(2,2,119,1,61,119,-14520,442923,),
(3,0,79,1,129,79,-20382,1314642,),
(6,6,41,1,177,41,-14520,1285557,),
(7,2,34,1,39,34,-2654,51799,),
(7,2,34,1,75,34,-5102,191407,),
(11,8,23,1,183,23,-8426,771722,),
(11,8,23,1,190,23,-8748,831831,),
(13,12,21,1,108,21,-4548,246253,),
(13,12,21,1,208,21,-8748,911053,),
(14,2,17,1,78,17,-2654,103598,),
(14,2,17,1,150,17,-5102,382814,),
(1,1,238,1,86,238,-40937,1760335,),
(2,1,119,1,172,119,-40937,3520670,),
(2,1,119,1,240,119,-57121,6854642,),
(3,3,80,1,10,80,-1603,8033,),
(4,3,60,1,198,60,-23763,2352838,),
(4,3,60,1,259,60,-31083,4025641,),
(5,3,48,1,109,48,-10467,570620,),
(5,3,48,1,116,48,-11139,646241,),
(6,3,40,1,20,40,-1603,16066,),
(6,3,40,1,250,40,-20003,2500756,),
(7,1,34,1,9,34,-613,2770,),
(7,1,34,1,48,34,-3265,78391,),
(8,3,30,1,119,30,-7143,425195,),
(8,3,30,1,241,30,-14463,1743161,),
(10,3,24,1,218,24,-10467,1141240,),
(10,3,24,1,232,24,-11139,1292482,),
(10,7,25,1,43,25,-2157,46536,),
(10,7,25,1,134,25,-6707,449848,),
(12,3,20,1,40,20,-1603,32132,),
(12,3,20,1,223,20,-8923,995261,),
(14,1,17,1,18,17,-613,5540,),
(14,1,17,1,96,17,-3265,156782,),
(14,13,20,1,15,20,-613,4709,),
(14,13,20,1,109,20,-4373,239051,),
(15,3,16,1,50,16,-1603,40165,),
(15,3,16,1,71,16,-2275,80884,),
(1,0,238,1,115,238,-54740,3147551,),
(2,0,119,1,47,119,-11186,262873,),
(7,0,34,1,26,34,-1768,22991,),
(11,4,22,1,136,22,-5988,407467,),
(11,4,22,1,166,22,-7308,606907,),
(13,6,19,1,163,19,-6200,505802,),
(13,6,19,1,172,19,-6542,563141,),
(14,0,17,1,52,17,-1768,45982,),
(1,0,241,1,46,241,-22172,509957,),
(2,2,121,1,158,121,-38238,3020962,),
(5,4,49,1,34,49,-3336,56785,),
(5,4,49,1,209,49,-20486,2141210,),
(7,4,35,1,71,35,-4974,176726,),
(7,4,35,1,103,35,-7214,371734,),
(10,6,25,1,122,25,-6106,372842,),
(10,6,25,1,188,25,-9406,884738,),
(11,2,22,1,38,22,-1674,31855,),
(11,2,22,1,113,22,-4974,281155,),
(14,10,19,1,14,19,-542,3878,),
(14,10,19,1,175,19,-6660,583639,),
(1,1,242,1,113,242,-54693,3090212,),
(2,1,121,1,226,121,-54693,6180424,),
(2,1,121,1,241,121,-58323,7028044,),
(4,3,61,1,85,61,-10373,440984,),
(4,3,61,1,142,61,-17327,1230434,),
(8,5,31,1,56,31,-3477,97504,),
(8,5,31,1,60,31,-3725,111908,),
(11,1,22,1,79,22,-3477,137392,),
(11,1,22,1,135,22,-5941,401096,),
(16,11,17,1,207,17,-7049,730726,),
(16,11,17,1,216,17,-7355,795544,),
(1,0,243,1,135,243,-65610,4428676,),
(2,2,122,1,60,122,-14642,439322,),
(3,0,81,1,128,81,-20736,1327107,),
(4,2,61,1,120,61,-14642,878644,),
(4,2,61,1,216,61,-26354,2846452,),
(6,6,42,1,129,42,-10842,699702,),
(7,6,36,1,12,36,-870,5263,),
(7,6,36,1,34,36,-2454,41827,),
(9,0,27,1,107,27,-5778,309132,),
(9,6,28,1,55,28,-3086,85039,),
(9,6,28,1,202,28,-11318,1143733,),
(12,6,21,1,177,21,-7440,658983,),
(12,6,21,1,258,21,-10842,1399404,),
(13,4,19,1,154,19,-5856,451233,),
(13,4,19,1,254,19,-9656,1226833,),
(14,6,18,1,24,18,-870,10526,),
(14,6,18,1,68,18,-2454,83654,),
(18,18,18,1,116,18,-4194,244314,),
(1,1,244,1,136,244,-66369,4513161,),
(2,1,122,1,89,122,-21717,966453,),
(2,1,122,1,272,122,-66369,9026322,),
(3,3,82,1,77,82,-12631,486412,),
(4,1,61,1,178,61,-21717,1932906,),
(4,1,61,1,267,61,-32575,4348900,),
(5,5,50,1,21,50,-2105,22160,),
(6,3,41,1,154,41,-12631,972824,),
(6,3,41,1,204,41,-16731,1706874,),
(8,7,32,1,128,32,-8199,525192,),
(8,7,32,1,244,32,-15623,1906868,),
(10,5,25,1,42,25,-2105,44320,),
(10,5,25,1,124,25,-6205,385030,),
(11,9,24,1,106,24,-5097,270629,),
(11,9,24,1,136,24,-6537,445139,),
(12,9,22,1,98,22,-4321,212182,),
(12,9,22,1,166,22,-7313,607738,),
(13,13,22,1,40,22,-1773,35733,),
(15,15,20,1,224,20,-8975,1006895,),
(16,7,16,1,211,16,-6759,713829,),
(1,1,247,1,46,247,-22725,522699,),
(3,3,83,1,70,83,-11623,406913,),
(7,7,37,1,30,37,-2227,33517,),
(11,5,23,1,96,23,-4421,212459,),
(11,5,23,1,241,23,-11091,1337079,),
(13,1,19,1,44,19,-1673,36841,),
(13,1,19,1,58,19,-2205,63987,),
(17,13,17,1,114,17,-3889,222431,),
(1,0,247,1,59,247,-29146,859808,),
(2,2,124,1,155,124,-38442,2979412,),
(4,2,62,1,33,62,-4094,67588,),
(4,2,62,1,101,62,-12526,632668,),
(8,2,31,1,66,31,-4094,135176,),
(8,2,31,1,202,31,-12526,1265336,),
(8,6,32,1,161,32,-10310,830446,),
(8,6,32,1,237,32,-15174,1798838,),
(13,0,19,1,64,19,-2432,77837,),
(16,6,16,1,45,16,-1446,32686,),
(16,10,17,1,140,17,-4770,334616,),
(16,10,17,1,169,17,-5756,487243,),
(1,1,248,1,163,248,-80849,6589276,),
(2,1,124,1,49,124,-12153,297775,),
(2,1,124,1,123,124,-30505,1876121,),
(4,1,62,1,98,62,-12153,595550,),
(4,1,62,1,246,62,-30505,3752242,),
(5,3,50,1,233,50,-23303,2715154,),
(5,3,50,1,260,50,-26003,3380785,),
(8,1,31,1,196,31,-12153,1191100,),
(8,1,31,1,215,31,-13331,1433198,),
(10,3,25,1,189,25,-9453,893602,),
(10,3,25,1,243,25,-12153,1476964,),
(10,7,26,1,159,26,-8275,658429,),
(10,7,26,1,171,26,-8899,761473,),
(13,7,20,1,179,20,-7167,642086,),
(13,7,20,1,250,20,-10007,1251763,),
(16,15,19,1,57,19,-2181,62602,),
(16,15,19,1,88,19,-3359,148472,),
(1,0,248,1,45,248,-22320,502201,),
(2,0,124,1,90,124,-22320,1004402,),
(3,2,83,1,41,83,-6808,139608,),
(3,2,83,1,256,83,-42498,5440003,),
(4,0,62,1,97,62,-12028,583362,),
(4,4,63,1,54,63,-6808,183928,),
(6,4,42,1,64,42,-5380,172294,),
(6,4,42,1,81,42,-6808,275892,),
(7,4,36,1,167,36,-12028,1004679,),
(7,4,36,1,233,36,-16780,1955343,),
(8,0,31,1,83,31,-5146,213567,),
(8,8,33,1,73,33,-4826,176449,),
(9,4,28,1,96,28,-5380,258441,),
(9,4,28,1,260,28,-14564,1893849,),
(11,8,24,1,135,24,-6488,438491,),
(11,8,24,1,234,24,-11240,1316027,),
(12,4,21,1,128,21,-5380,344588,),
(12,4,21,1,162,21,-6808,551784,),
(12,8,22,1,79,22,-3484,137946,),
(12,8,22,1,248,22,-10920,1355084,),
(13,10,21,1,207,21,-8704,901912,),
(13,10,21,1,241,21,-10132,1222124,),
(14,4,18,1,57,18,-2056,58724,),
(14,4,18,1,189,18,-6808,643748,),
(1,1,249,1,210,249,-104581,10981111,),
(3,1,83,1,76,83,-12617,479487,),
(3,1,83,1,211,83,-35027,3695457,),
(5,5,51,1,213,51,-21731,2314889,),
(9,7,29,1,88,29,-5111,225201,),
(9,7,29,1,141,29,-8185,577545,),
(15,5,17,1,85,17,-2895,123265,),
(15,5,17,1,208,17,-7077,736543,),
(1,0,249,1,36,249,-17928,322705,),
(2,2,125,1,28,125,-7002,98058,),
(3,0,83,1,108,83,-17928,968115,),
(5,2,50,1,70,50,-7002,245145,),
(5,2,50,1,74,50,-7402,273953,),
(6,6,43,1,86,43,-7402,318550,),
(10,2,25,1,140,25,-7002,490290,),
(10,2,25,1,148,25,-7402,547906,),
(11,4,23,1,116,23,-5340,309963,),
(11,4,23,1,209,23,-9618,1005510,),
(15,12,19,1,9,19,-354,1662,),
(15,12,19,1,107,19,-4078,218830,),
(1,0,250,1,76,250,-38000,1444001,),
(2,0,125,1,125,125,-31250,1953127,),
(5,0,50,1,103,50,-10300,530455,),
(7,6,37,1,199,37,-14732,1466438,),
(7,6,37,1,265,37,-19616,2599922,),
(10,0,25,1,71,25,-3550,126035,),
(11,10,25,1,95,25,-4760,226586,),
(11,10,25,1,237,25,-11860,1406606,),
(13,12,22,1,93,22,-4104,191407,),
(13,12,22,1,259,22,-11408,1478903,),
(14,8,19,1,23,19,-882,10249,),
(14,8,19,1,239,19,-9090,1087225,),
]
