minPoly='"x"'
eigenvalueTraces123=[1,4,2]
uptoDet2T=1000
message='Coefficients that are unknown are simply left off this list'
FourierCoefficients=[
(1,1,1,1,116,0),
(1,0,1,1,60,-1),
(1,1,2,1,150,1),
(1,0,3,1,107,0),
(2,2,2,1,116,0),
(1,0,4,1,30,-1),
(2,0,2,1,60,-3),
(1,1,5,1,52,-1),
(1,1,6,1,152,-1),
(2,1,3,1,27,-1),
(2,1,3,1,65,-1),
(1,1,7,1,129,0),
(3,3,3,1,116,0),
(1,0,7,1,112,0),
(2,2,4,1,150,2),
(1,0,9,1,20,1),
(2,2,5,1,130,1),
(3,0,3,1,60,-2),
(1,1,10,1,21,2),
(2,1,5,1,42,2),
(2,1,5,1,124,2),
(3,3,4,1,224,2),
(1,0,10,1,103,0),
(2,0,5,1,71,0),
(1,1,12,1,105,0),
(2,1,6,1,113,0),
(2,1,6,1,210,0),
(3,1,4,1,31,0),
(3,1,4,1,38,0),
(1,0,12,1,85,0),
(2,0,6,1,107,0),
(3,0,4,1,22,0),
(4,4,4,1,116,0),
(1,0,13,1,74,-1),
(2,2,7,1,179,-1),
(1,1,14,1,16,-1),
(2,1,7,1,32,-1),
(2,1,7,1,47,-1),
(4,3,4,1,82,-1),
(1,1,15,1,44,-1),
(3,1,5,1,34,-1),
(3,1,5,1,132,-1),
(1,1,16,1,39,-1),
(2,1,8,1,78,-1),
(2,1,8,1,95,-1),
(3,3,6,1,150,2),
(4,1,4,1,156,-1),
(1,0,16,1,15,1),
(2,0,8,1,30,-1),
(4,0,4,1,60,-5),
(4,4,5,1,7,1),
(1,1,17,1,4,-1),
(1,1,18,1,234,1),
(2,1,9,1,191,1),
(2,1,9,1,209,1),
(3,1,6,1,148,1),
(3,1,6,1,175,1),
(4,3,5,1,99,1),
(4,3,5,1,122,1),
(1,1,19,1,188,0),
(3,3,7,1,83,0),
(5,5,5,1,116,0),
(1,0,19,1,42,-2),
(2,2,10,1,52,-4),
(4,2,5,1,104,-2),
(4,2,5,1,228,-2),
(1,1,20,1,199,0),
(2,1,10,1,121,0),
(2,1,10,1,239,0),
(4,1,5,1,201,0),
(4,1,5,1,242,0),
(1,1,21,1,35,-1),
(3,1,7,1,105,-1),
(3,1,7,1,251,-1),
(1,0,21,1,52,2),
(2,2,11,1,74,2),
(3,0,7,1,121,2),
(5,4,5,1,169,2),
(1,1,22,1,27,0),
(2,1,11,1,54,0),
(2,1,11,1,97,0),
(3,3,8,1,64,0),
(4,3,6,1,145,0),
(4,3,6,1,270,0),
(1,0,22,1,136,1),
(2,0,11,1,5,1),
(1,1,23,1,40,-1),
(5,3,5,1,73,-1),
(1,0,23,1,17,0),
(2,2,12,1,152,-2),
(3,2,8,1,118,0),
(3,2,8,1,228,0),
(4,2,6,1,27,-2),
(4,2,6,1,65,-2),
(1,0,25,1,12,-1),
(2,2,13,1,23,-1),
(5,0,5,1,60,-6),
(1,0,27,1,128,0),
(2,2,14,1,129,0),
(3,0,9,1,107,0),
(4,2,7,1,177,0),
(4,2,7,1,258,0),
(6,6,6,1,116,0),
(1,0,28,1,56,-2),
(2,0,14,1,112,-2),
(4,0,7,1,53,-2),
(4,4,8,1,150,2),
(1,0,29,1,70,1),
(2,2,15,1,6,1),
(3,2,10,1,9,1),
(3,2,10,1,157,1),
(5,2,6,1,15,1),
(5,2,6,1,77,1),
(1,0,30,1,61,2),
(2,0,15,1,122,2),
(3,0,10,1,94,2),
(5,0,6,1,28,2),
(1,1,31,1,137,2),
(3,3,11,1,67,2),
(1,1,33,1,5,-1),
(3,1,11,1,15,-1),
(3,1,11,1,136,-1),
(5,3,7,1,63,-1),
(5,3,7,1,174,-1),
(1,0,34,1,67,0),
(2,0,17,1,134,0),
(5,2,7,1,167,0),
(5,2,7,1,268,0),
(1,0,36,1,10,1),
(2,0,18,1,20,3),
(3,0,12,1,30,-2),
(4,0,9,1,40,1),
(4,4,10,1,130,3),
(5,4,8,1,24,1),
(5,4,8,1,114,1),
(6,0,6,1,60,-6),
(1,1,37,1,37,0),
(3,3,13,1,20,0),
(7,7,7,1,116,0),
(1,1,39,1,82,1),
(3,1,13,1,244,1),
(3,1,13,1,246,1),
(5,5,9,1,106,1),
(1,0,39,1,25,0),
(2,2,20,1,21,4),
(3,0,13,1,75,0),
(4,2,10,1,42,4),
(4,2,10,1,124,4),
(5,2,8,1,155,0),
(5,2,8,1,191,0),
(6,6,8,1,224,4),
(1,0,40,1,87,0),
(2,0,20,1,103,0),
(4,0,10,1,71,0),
(4,4,11,1,14,0),
(5,0,8,1,119,0),
(7,6,7,1,96,0),
(1,0,41,1,113,1),
(2,2,21,1,181,1),
(3,2,14,1,133,1),
(3,2,14,1,223,1),
(5,4,9,1,39,1),
(5,4,9,1,176,1),
(6,2,7,1,169,1),
(6,2,7,1,266,1),
(1,1,43,1,72,1),
(3,3,15,1,52,-2),
(5,3,9,1,179,1),
(5,3,9,1,190,1),
(7,5,7,1,165,1),
(1,1,44,1,161,3),
(2,1,22,1,45,3),
(2,1,22,1,169,3),
(4,1,11,1,61,3),
(4,1,11,1,90,3),
(5,5,10,1,150,8),
(7,7,8,1,158,3),
(1,1,47,1,58,-1),
(7,3,7,1,6,-1),
(1,0,47,1,89,0),
(2,2,24,1,105,0),
(3,2,16,1,19,0),
(3,2,16,1,154,0),
(4,2,12,1,113,0),
(4,2,12,1,210,0),
(6,2,8,1,31,0),
(6,2,8,1,38,0),
(7,6,8,1,100,0),
(7,6,8,1,107,0),
(1,1,48,1,12,-2),
(2,1,24,1,24,-2),
(2,1,24,1,126,-2),
(3,1,16,1,36,-2),
(3,1,16,1,189,-2),
(4,1,12,1,48,-2),
(4,1,12,1,252,-2),
(5,3,10,1,53,-2),
(5,3,10,1,196,-2),
(6,1,8,1,72,-2),
(6,1,8,1,101,-2),
(6,5,9,1,28,-2),
(6,5,9,1,33,-2),
(1,0,48,1,96,0),
(2,0,24,1,85,0),
(3,0,16,1,11,0),
(4,0,12,1,107,0),
(4,4,13,1,56,0),
(6,0,8,1,22,0),
(7,2,7,1,25,0),
(8,8,8,1,116,0),
(1,0,49,1,31,3),
(2,2,25,1,50,3),
(5,2,10,1,41,3),
(5,2,10,1,125,3),
(7,0,7,1,60,-4),
(1,1,51,1,45,1),
(3,1,17,1,135,1),
(3,1,17,1,256,1),
(7,7,9,1,70,1),
(1,1,52,1,26,3),
(2,1,26,1,52,3),
(2,1,26,1,193,3),
(3,3,18,1,152,0),
(4,1,13,1,104,3),
(4,1,13,1,109,3),
(6,3,9,1,27,0),
(6,3,9,1,65,0),
(8,7,8,1,134,3),
(1,0,52,1,37,-1),
(2,0,26,1,74,-3),
(4,0,13,1,129,-1),
(4,4,14,1,179,-3),
(7,4,8,1,171,-1),
(7,4,8,1,244,-1),
(1,1,53,1,177,0),
(5,3,11,1,198,0),
(5,3,11,1,255,0),
(1,1,54,1,165,1),
(2,1,27,1,53,1),
(2,1,27,1,265,1),
(3,1,18,1,218,1),
(3,1,18,1,259,1),
(4,3,14,1,23,1),
(4,3,14,1,234,1),
(5,5,12,1,19,1),
(6,1,9,1,159,1),
(6,1,9,1,241,1),
(6,5,10,1,189,1),
(6,5,10,1,226,1),
(7,3,8,1,248,1),
(7,3,8,1,271,1),
(1,0,55,1,124,0),
(2,2,28,1,16,-2),
(4,2,14,1,32,-2),
(4,2,14,1,47,-2),
(5,0,11,1,66,0),
(7,2,8,1,13,0),
(7,2,8,1,56,0),
(8,6,8,1,82,-2),
(1,0,57,1,119,0),
(2,2,29,1,167,0),
(3,0,19,1,80,0),
(6,6,11,1,12,0),
(1,0,59,1,13,-2),
(2,2,30,1,44,-4),
(3,2,20,1,17,-2),
(3,2,20,1,66,-2),
(4,2,15,1,88,-2),
(4,2,15,1,115,-2),
(5,2,12,1,110,-2),
(5,2,12,1,213,-2),
(6,2,10,1,34,-4),
(6,2,10,1,132,-4),
(7,4,9,1,85,-2),
(7,4,9,1,130,-2),
(1,1,61,1,60,0),
(3,3,21,1,129,0),
(7,3,9,1,24,0),
(7,3,9,1,68,0),
(9,9,9,1,116,0),
(1,1,62,1,155,3),
(2,1,31,1,33,3),
(2,1,31,1,101,3),
(4,3,16,1,161,3),
(4,3,16,1,237,3),
(8,3,8,1,45,3),
(1,0,62,1,90,-1),
(2,0,31,1,97,-1),
(3,2,21,1,64,-1),
(3,2,21,1,81,-1),
(6,4,11,1,79,-1),
(6,4,11,1,248,-1),
(7,2,9,1,57,-1),
(7,2,9,1,189,-1),
(1,0,63,1,55,0),
(2,2,32,1,39,-2),
(3,0,21,1,112,0),
(4,2,16,1,78,-2),
(4,2,16,1,95,-2),
(6,6,12,1,150,4),
(7,0,9,1,108,0),
(8,2,8,1,156,-2),
(8,6,9,1,200,0),
(8,6,9,1,261,0),
(1,1,64,1,11,2),
(2,1,32,1,22,2),
(2,1,32,1,229,2),
(3,3,22,1,119,2),
(4,1,16,1,44,2),
(4,1,16,1,181,2),
(5,5,14,1,88,2),
(6,3,11,1,215,2),
(6,3,11,1,238,2),
(7,5,10,1,181,2),
(7,5,10,1,234,2),
(8,1,8,1,85,2),
(1,0,64,1,131,3),
(2,0,32,1,15,5),
(4,0,16,1,30,1),
(4,4,17,1,77,3),
(5,2,13,1,186,3),
(5,2,13,1,240,3),
(8,0,8,1,60,-7),
(8,8,10,1,7,5),
(1,0,66,1,16,-2),
(2,0,33,1,32,-2),
(3,0,22,1,48,-2),
(5,4,14,1,194,-2),
(5,4,14,1,241,-2),
(6,0,11,1,96,-2),
(7,4,10,1,5,-2),
(7,4,10,1,50,-2),
(1,1,67,1,99,-2),
(3,3,23,1,121,-2),
(1,0,67,1,93,-2),
(2,2,34,1,4,-4),
(4,2,17,1,8,-2),
(4,2,17,1,220,-2),
(1,0,69,1,2,0),
(2,2,35,1,91,0),
(3,0,23,1,6,0),
(5,2,14,1,89,0),
(5,2,14,1,267,0),
(6,6,13,1,53,0),
(7,2,10,1,180,0),
(7,2,10,1,263,0),
(1,0,70,1,63,2),
(2,0,35,1,126,2),
(5,0,14,1,38,2),
(7,0,10,1,113,2),
(1,0,71,1,53,0),
(2,2,36,1,234,2),
(3,2,24,1,74,0),
(3,2,24,1,226,0),
(4,2,18,1,191,2),
(4,2,18,1,209,2),
(5,4,15,1,26,0),
(5,4,15,1,103,0),
(6,2,12,1,148,2),
(6,2,12,1,175,2),
(8,2,9,1,105,0),
(8,2,9,1,141,0),
(8,6,10,1,99,2),
(8,6,10,1,122,2),
(1,1,72,1,14,1),
(2,1,36,1,28,1),
(2,1,36,1,72,1),
(3,1,24,1,42,1),
(3,1,24,1,108,1),
(4,1,18,1,56,1),
(4,1,18,1,144,1),
(6,1,12,1,84,1),
(6,1,12,1,216,1),
(6,5,13,1,114,1),
(6,5,13,1,120,1),
(7,7,12,1,8,1),
(8,1,9,1,11,1),
(8,1,9,1,112,1),
(1,0,74,1,84,2),
(2,0,37,1,109,2),
(3,2,25,1,27,2),
(3,2,25,1,261,2),
(5,2,15,1,45,2),
(5,2,15,1,158,2),
(6,4,13,1,97,2),
(6,4,13,1,201,2),
(9,8,10,1,178,2),
(9,8,10,1,209,2),
(1,1,75,1,89,1),
(3,1,25,1,154,1),
(3,1,25,1,267,1),
(5,1,15,1,72,1),
(5,1,15,1,168,1),
(7,3,11,1,224,1),
(7,3,11,1,229,1),
(9,5,9,1,89,1),
(1,0,75,1,34,0),
(2,2,38,1,188,0),
(3,0,25,1,102,0),
(4,2,19,1,99,0),
(4,2,19,1,105,0),
(5,0,15,1,107,0),
(6,6,14,1,83,0),
(7,6,12,1,143,0),
(7,6,12,1,272,0),
(10,10,10,1,116,0),
(1,0,76,1,21,0),
(2,0,38,1,42,-4),
(4,0,19,1,84,0),
(4,4,20,1,52,-8),
(5,4,16,1,4,0),
(5,4,16,1,65,0),
(7,2,11,1,145,0),
(7,2,11,1,157,0),
(8,4,10,1,104,-4),
(8,4,10,1,228,-4),
(1,1,77,1,118,1),
(7,1,11,1,156,1),
(7,1,11,1,272,1),
(1,1,78,1,218,1),
(2,1,39,1,159,1),
(2,1,39,1,189,1),
(3,1,26,1,100,1),
(3,1,26,1,145,1),
(4,3,20,1,33,1),
(4,3,20,1,230,1),
(5,3,16,1,149,1),
(5,3,16,1,249,1),
(6,1,13,1,13,1),
(6,1,13,1,200,1),
(6,5,14,1,146,1),
(6,5,14,1,190,1),
(7,5,12,1,37,1),
(7,5,12,1,78,1),
(8,3,10,1,66,1),
(8,3,10,1,183,1),
(9,7,10,1,72,1),
(9,7,10,1,232,1),
(1,0,79,1,50,0),
(2,2,40,1,199,0),
(4,2,20,1,121,0),
(4,2,20,1,239,0),
(5,2,16,1,82,0),
(5,2,16,1,91,0),
(8,2,10,1,201,0),
(8,2,10,1,242,0),
(8,6,11,1,107,0),
(8,6,11,1,245,0),
(1,0,81,1,99,1),
(2,2,41,1,128,1),
(3,0,27,1,20,4),
(5,4,17,1,17,1),
(5,4,17,1,162,1),
(6,6,15,1,130,4),
(9,0,9,1,60,-5),
(9,6,10,1,26,1),
(9,6,10,1,195,1),
(1,0,83,1,29,-2),
(2,2,42,1,35,-4),
(3,2,28,1,191,-2),
(3,2,28,1,264,-2),
(4,2,21,1,70,-2),
(4,2,21,1,75,-2),
(6,2,14,1,105,-4),
(6,2,14,1,251,-4),
(7,2,12,1,62,-2),
(7,2,12,1,261,-2),
(9,8,11,1,17,-2),
(9,8,11,1,83,-2),
(1,0,84,1,26,2),
(2,0,42,1,52,6),
(3,0,28,1,78,2),
(4,0,21,1,104,2),
(4,4,22,1,74,6),
(5,2,17,1,67,2),
(5,2,17,1,161,2),
(6,0,14,1,121,6),
(7,0,12,1,95,2),
(8,4,11,1,148,2),
(8,4,11,1,179,2),
(10,8,10,1,169,6),
(1,1,85,1,54,-2),
(3,3,29,1,90,-2),
(5,1,17,1,121,-2),
(5,1,17,1,270,-2),
(7,5,13,1,12,-2),
(7,5,13,1,222,-2),
(1,0,85,1,110,2),
(2,2,43,1,8,2),
(5,0,17,1,4,2),
(10,10,11,1,182,2),
(1,1,86,1,47,-4),
(2,1,43,1,94,-4),
(2,1,43,1,125,-4),
(4,3,22,1,20,-4),
(4,3,22,1,68,-4),
(7,7,14,1,150,3),
(8,3,11,1,40,-4),
(8,3,11,1,136,-4),
(1,0,86,1,91,-3),
(2,0,43,1,95,-3),
(3,2,29,1,117,-3),
(3,2,29,1,265,-3),
(5,4,18,1,250,-3),
(5,4,18,1,273,-3),
(6,4,15,1,23,-3),
(6,4,15,1,106,-3),
(9,4,10,1,159,-3),
(9,4,10,1,173,-3),
(1,1,87,1,24,0),
(3,1,29,1,72,0),
(3,1,29,1,119,0),
(9,7,11,1,112,0),
(9,7,11,1,114,0),
(1,0,87,1,106,0),
(2,2,44,1,27,0),
(3,0,29,1,41,0),
(4,2,22,1,54,0),
(4,2,22,1,97,0),
(6,6,16,1,64,0),
(7,4,13,1,70,0),
(7,4,13,1,228,0),
(8,2,11,1,108,0),
(8,2,11,1,194,0),
(8,6,12,1,145,0),
(8,6,12,1,270,0),
(1,1,88,1,18,-4),
(2,1,44,1,36,-4),
(2,1,44,1,71,-4),
(3,3,30,1,21,2),
(4,1,22,1,72,-4),
(4,1,22,1,142,-4),
(5,3,18,1,11,-4),
(5,3,18,1,35,-4),
(6,3,15,1,42,2),
(6,3,15,1,124,2),
(8,1,11,1,7,-4),
(8,1,11,1,144,-4),
(9,3,10,1,63,-4),
(9,3,10,1,186,-4),
(9,9,12,1,224,2),
(10,7,10,1,75,-4),
(1,0,88,1,68,1),
(2,0,44,1,136,3),
(4,0,22,1,5,3),
(4,4,23,1,89,1),
(8,0,11,1,10,1),
(8,8,13,1,136,1),
(1,0,89,1,100,-1),
(2,2,45,1,190,-1),
(3,2,30,1,8,-1),
(3,2,30,1,232,-1),
(5,2,18,1,198,-1),
(5,2,18,1,202,-1),
(6,2,15,1,16,-1),
(6,2,15,1,187,-1),
(7,6,14,1,17,-1),
(7,6,14,1,220,-1),
(9,2,10,1,24,-1),
(9,2,10,1,142,-1),
(1,0,90,1,58,0),
(2,0,45,1,116,0),
(3,0,30,1,103,0),
(5,0,18,1,13,0),
(6,0,15,1,71,0),
(7,2,13,1,195,0),
(7,2,13,1,231,0),
(9,0,10,1,32,0),
(9,6,11,1,21,0),
(9,6,11,1,54,0),
(1,1,91,1,78,0),
(3,3,31,1,182,0),
(7,1,13,1,221,0),
(7,1,13,1,269,0),
(11,11,11,1,116,0),
(1,0,91,1,65,-2),
(2,2,46,1,40,-4),
(4,2,23,1,80,-2),
(4,2,23,1,221,-2),
(5,4,19,1,180,-2),
(5,4,19,1,228,-2),
(7,0,13,1,99,-2),
(10,6,10,1,73,-4),
(1,1,92,1,66,-1),
(2,1,46,1,132,-1),
(2,1,46,1,151,-1),
(4,1,23,1,25,-1),
(4,1,23,1,264,-1),
(7,5,14,1,117,-1),
(7,5,14,1,219,-1),
(8,7,13,1,44,-1),
(8,7,13,1,62,-1),
(1,0,92,1,130,2),
(2,0,46,1,17,2),
(3,2,31,1,52,2),
(3,2,31,1,216,2),
(4,0,23,1,34,2),
(4,4,24,1,152,-2),
(6,4,16,1,118,2),
(6,4,16,1,228,2),
(8,4,12,1,27,-2),
(8,4,12,1,65,-2),
(9,8,12,1,73,2),
(9,8,12,1,111,2),
(1,1,95,1,64,3),
(5,1,19,1,43,3),
(5,1,19,1,59,3),
(1,1,96,1,67,0),
(2,1,48,1,134,0),
(2,1,48,1,218,0),
(3,1,32,1,50,0),
(3,1,32,1,201,0),
(4,1,24,1,159,0),
(4,1,24,1,268,0),
(6,1,16,1,100,0),
(6,1,16,1,125,0),
(6,5,17,1,94,0),
(6,5,17,1,199,0),
(7,3,14,1,123,0),
(7,3,14,1,134,0),
(8,1,12,1,41,0),
(8,1,12,1,259,0),
(9,7,12,1,51,0),
(9,7,12,1,110,0),
(1,1,100,1,121,-2),
(2,1,50,1,107,-2),
(2,1,50,1,242,-2),
(3,3,34,1,84,-2),
(4,1,25,1,207,-2),
(4,1,25,1,214,-2),
(5,1,20,1,51,-2),
(5,1,20,1,129,-2),
(6,3,17,1,168,-2),
(6,3,17,1,174,-2),
(7,7,16,1,213,-2),
(8,7,14,1,6,-2),
(8,7,14,1,132,-2),
(10,1,10,1,102,-2),
(10,9,12,1,30,-2),
(10,9,12,1,177,-2),
(1,0,100,1,6,-1),
(2,0,50,1,12,-3),
(4,0,25,1,24,-1),
(4,4,26,1,23,-3),
(5,0,20,1,30,-6),
(8,4,13,1,46,-1),
(8,4,13,1,252,-1),
(10,0,10,1,60,-18),
(1,1,102,1,90,0),
(2,1,51,1,135,0),
(2,1,51,1,180,0),
(3,1,34,1,64,0),
(3,1,34,1,270,0),
(4,3,26,1,73,0),
(4,3,26,1,108,0),
(6,1,17,1,128,0),
(6,1,17,1,263,0),
(6,5,18,1,79,0),
(6,5,18,1,90,0),
(8,3,13,1,146,0),
(8,3,13,1,216,0),
(9,5,12,1,135,0),
(9,5,12,1,257,0),
(11,11,12,1,49,0),
(1,0,102,1,41,-4),
(2,0,51,1,82,-4),
(3,0,34,1,123,-4),
(6,0,17,1,31,-4),
(1,1,106,1,101,0),
(2,1,53,1,202,0),
(2,1,53,1,237,0),
(3,3,36,1,105,0),
(4,3,27,1,140,0),
(4,3,27,1,260,0),
(6,3,18,1,113,0),
(6,3,18,1,210,0),
(7,5,16,1,115,0),
(7,5,16,1,179,0),
(8,5,14,1,165,0),
(8,5,14,1,171,0),
(9,3,12,1,31,0),
(9,3,12,1,38,0),
(9,9,14,1,244,0),
(1,0,106,1,9,-6),
(2,0,53,1,18,-6),
(5,4,22,1,144,-6),
(5,4,22,1,158,-6),
(10,4,11,1,11,-6),
(10,4,11,1,39,-6),
(1,1,108,1,73,-4),
(2,1,54,1,13,-4),
(2,1,54,1,146,-4),
(3,1,36,1,158,-4),
(3,1,36,1,219,-4),
(4,1,27,1,15,-4),
(4,1,27,1,26,-4),
(5,3,22,1,120,-4),
(5,3,22,1,245,-4),
(6,1,18,1,39,-4),
(6,1,18,1,161,-4),
(6,5,19,1,66,-4),
(6,5,19,1,167,-4),
(8,7,15,1,102,-4),
(8,7,15,1,193,-4),
(9,1,12,1,103,-4),
(9,1,12,1,197,-4),
(10,3,11,1,213,-4),
(10,3,11,1,240,-4),
(10,7,12,1,172,-4),
(10,7,12,1,266,-4),
(1,0,108,1,64,0),
(2,0,54,1,128,0),
(3,0,36,1,85,0),
(4,0,27,1,21,0),
(4,4,28,1,129,0),
(6,0,18,1,107,0),
(7,4,16,1,18,0),
(7,4,16,1,51,0),
(8,4,14,1,177,0),
(8,4,14,1,258,0),
(9,0,12,1,22,0),
(9,6,13,1,84,0),
(9,6,13,1,86,0),
(12,12,12,1,116,0),
(1,0,112,1,28,-2),
(2,0,56,1,56,-6),
(4,0,28,1,112,-6),
(4,4,29,1,3,-2),
(7,0,16,1,81,-2),
(8,0,14,1,53,-6),
(8,8,16,1,150,2),
(11,6,11,1,33,-2),
(1,0,113,1,66,1),
(2,2,57,1,151,1),
(3,2,38,1,14,1),
(3,2,38,1,88,1),
(6,2,19,1,28,1),
(6,2,19,1,176,1),
(9,4,13,1,108,1),
(9,4,13,1,190,1),
(1,1,116,1,143,-2),
(2,1,58,1,9,-2),
(2,1,58,1,225,-2),
(4,1,29,1,18,-2),
(4,1,29,1,173,-2),
(8,7,16,1,71,-2),
(8,7,16,1,119,-2),
(1,0,116,1,35,1),
(2,0,58,1,70,3),
(3,2,39,1,168,1),
(3,2,39,1,251,1),
(4,0,29,1,137,1),
(4,4,30,1,6,3),
(5,4,24,1,146,1),
(5,4,24,1,177,1),
(6,4,20,1,9,3),
(6,4,20,1,157,3),
(8,4,15,1,12,1),
(8,4,15,1,117,1),
(9,2,13,1,199,1),
(9,2,13,1,227,1),
(10,4,12,1,15,3),
(10,4,12,1,77,3),
(11,8,12,1,61,1),
(11,8,12,1,123,1),
(1,1,117,1,164,-1),
(3,1,39,1,133,-1),
(3,1,39,1,215,-1),
(7,3,17,1,151,-1),
(7,3,17,1,191,-1),
(9,1,13,1,91,-1),
(9,1,13,1,122,-1),
(1,0,117,1,117,1),
(2,2,59,1,106,1),
(3,0,39,1,74,-2),
(6,6,21,1,179,-2),
(7,6,18,1,114,1),
(7,6,18,1,255,1),
(9,0,13,1,55,1),
(9,6,14,1,107,1),
(9,6,14,1,130,1),
(11,4,11,1,90,1),
(1,1,118,1,239,-2),
(2,1,59,1,201,-2),
(2,1,59,1,245,-2),
(3,3,40,1,61,-2),
(4,3,30,1,94,-2),
(4,3,30,1,266,-2),
(5,3,24,1,194,-2),
(5,3,24,1,256,-2),
(6,3,20,1,122,-2),
(6,3,20,1,141,-2),
(8,3,15,1,188,-2),
(8,3,15,1,255,-2),
(10,3,12,1,111,-2),
(10,3,12,1,235,-2),
(10,7,13,1,25,-2),
(10,7,13,1,81,-2),
(1,1,119,1,10,-1),
(5,5,25,1,52,-6),
(7,1,17,1,44,-1),
(7,1,17,1,70,-1),
(11,3,11,1,219,-1),
(1,1,120,1,70,1),
(2,1,60,1,140,1),
(2,1,60,1,197,1),
(3,1,40,1,157,1),
(3,1,40,1,210,1),
(4,1,30,1,3,1),
(4,1,30,1,117,1),
(5,1,24,1,73,1),
(5,1,24,1,77,1),
(6,1,20,1,37,1),
(6,1,20,1,143,1),
(6,5,21,1,233,1),
(6,5,21,1,268,1),
(7,5,18,1,41,1),
(7,5,18,1,128,1),
(8,1,15,1,6,1),
(8,1,15,1,234,1),
(9,5,14,1,125,1),
(9,5,14,1,211,1),
(10,1,12,1,146,1),
(10,1,12,1,154,1),
(10,9,14,1,13,1),
(10,9,14,1,204,1),
(11,7,12,1,215,1),
(11,7,12,1,223,1),
(1,0,120,1,108,2),
(2,0,60,1,61,6),
(3,0,40,1,47,2),
(4,0,30,1,122,6),
(4,4,31,1,118,2),
(5,0,24,1,14,2),
(6,0,20,1,94,6),
(8,0,15,1,33,2),
(8,8,17,1,101,2),
(10,0,12,1,28,6),
(11,2,11,1,106,2),
(12,12,13,1,68,2),
(1,1,121,1,213,-2),
(3,3,41,1,101,-2),
(7,7,19,1,190,-2),
(11,1,11,1,24,-2),
(1,0,121,1,81,-2),
(2,2,61,1,88,-2),
(5,4,25,1,40,-2),
(5,4,25,1,259,-2),
(10,6,13,1,221,-2),
(10,6,13,1,226,-2),
(11,0,11,1,60,-13),
(1,1,122,1,140,-2),
(2,1,61,1,3,-2),
(2,1,61,1,165,-2),
(4,3,31,1,137,-2),
(4,3,31,1,265,-2),
(8,5,16,1,23,-2),
(8,5,16,1,271,-2),
(1,0,122,1,19,0),
(2,0,61,1,38,0),
(3,2,41,1,11,0),
(3,2,41,1,43,0),
(6,4,21,1,61,0),
(6,4,21,1,229,0),
(7,4,18,1,25,0),
(7,4,18,1,221,0),
(9,4,14,1,205,0),
(9,4,14,1,230,0),
(1,1,123,1,22,2),
(3,1,41,1,66,2),
(3,1,41,1,238,2),
(5,3,25,1,213,2),
(5,3,25,1,219,2),
(9,7,15,1,4,2),
(9,7,15,1,14,2),
(11,9,13,1,80,2),
(11,9,13,1,175,2),
(1,0,123,1,3,4),
(2,2,62,1,137,8),
(3,0,41,1,9,4),
(4,2,31,1,271,4),
(4,2,31,1,274,4),
(6,6,22,1,67,8),
(11,6,12,1,169,4),
(11,6,12,1,246,4),
(1,1,124,1,30,1),
(2,1,62,1,7,1),
(2,1,62,1,60,1),
(3,3,42,1,16,-2),
(4,1,31,1,14,1),
(4,1,31,1,120,1),
(5,5,26,1,143,1),
(6,3,21,1,32,-2),
(6,3,21,1,47,-2),
(7,3,18,1,101,1),
(7,3,18,1,222,1),
(8,7,17,1,72,1),
(8,7,17,1,172,1),
(9,3,14,1,48,1),
(9,3,14,1,209,1),
(9,9,16,1,163,1),
(10,5,13,1,9,1),
(10,5,13,1,225,1),
(11,11,14,1,90,1),
(12,9,12,1,82,-2),
(1,1,125,1,95,-4),
(5,1,25,1,198,-4),
(5,1,25,1,223,-4),
(1,1,127,1,49,0),
(3,3,43,1,158,0),
(7,5,19,1,65,0),
(7,5,19,1,168,0),
(13,13,13,1,116,0),
(1,1,129,1,32,1),
(3,1,43,1,96,1),
(3,1,43,1,123,1),
(5,5,27,1,81,1),
(9,5,15,1,35,1),
(9,5,15,1,57,1),
(1,0,130,1,7,-2),
(2,0,65,1,14,-2),
(5,0,26,1,35,-2),
(10,0,13,1,70,-2),
(1,0,131,1,118,-2),
(2,2,66,1,5,-4),
(3,2,44,1,68,-2),
(3,2,44,1,146,-2),
(4,2,33,1,10,-2),
(4,2,33,1,183,-2),
(5,4,27,1,80,-2),
(5,4,27,1,84,-2),
(6,2,22,1,15,-4),
(6,2,22,1,136,-4),
(7,6,20,1,11,-2),
(7,6,20,1,238,-2),
(9,4,15,1,144,-2),
(9,4,15,1,262,-2),
(10,6,14,1,63,-4),
(10,6,14,1,174,-4),
(11,2,12,1,157,-2),
(11,2,12,1,166,-2),
(12,10,13,1,89,-2),
(12,10,13,1,102,-2),
(1,1,132,1,34,-1),
(2,1,66,1,68,-1),
(2,1,66,1,188,-1),
(3,1,44,1,5,-1),
(3,1,44,1,102,-1),
(4,1,33,1,99,-1),
(4,1,33,1,136,-1),
(6,1,22,1,10,-1),
(6,1,22,1,204,-1),
(6,5,23,1,154,-1),
(6,5,23,1,183,-1),
(8,7,18,1,89,-1),
(8,7,18,1,203,-1),
(9,7,16,1,204,-1),
(9,7,16,1,263,-1),
(11,1,12,1,97,-1),
(11,1,12,1,203,-1),
(12,7,12,1,166,-1),
(1,1,133,1,33,3),
(3,3,45,1,44,0),
(5,3,27,1,142,3),
(5,3,27,1,258,3),
(7,1,19,1,148,3),
(7,1,19,1,231,3),
(9,3,15,1,34,0),
(9,3,15,1,132,0),
(9,9,17,1,95,3),
(1,0,133,1,23,0),
(2,2,67,1,149,0),
(7,0,19,1,116,0),
(13,12,13,1,107,0),
(1,1,134,1,97,3),
(2,1,67,1,145,3),
(2,1,67,1,194,3),
(4,3,34,1,25,3),
(4,3,34,1,146,3),
(5,5,28,1,60,3),
(7,5,20,1,84,3),
(7,5,20,1,262,3),
(8,3,17,1,15,3),
(8,3,17,1,50,3),
(10,5,14,1,120,3),
(10,5,14,1,216,3),
(11,9,14,1,18,3),
(11,9,14,1,199,3),
(1,0,136,1,105,0),
(2,0,68,1,67,0),
(4,0,34,1,134,0),
(4,4,35,1,218,0),
(5,4,28,1,134,0),
(5,4,28,1,222,0),
(7,4,20,1,200,0),
(7,4,20,1,243,0),
(8,0,17,1,9,0),
(8,8,19,1,37,0),
(10,4,14,1,167,0),
(10,4,14,1,268,0),
(1,1,137,1,17,2),
(11,5,13,1,55,2),
(11,5,13,1,179,2),
(1,1,138,1,131,1),
(2,1,69,1,19,1),
(2,1,69,1,262,1),
(3,1,46,1,116,1),
(3,1,46,1,167,1),
(4,3,35,1,77,1),
(4,3,35,1,192,1),
(5,3,28,1,27,1),
(5,3,28,1,240,1),
(6,1,23,1,57,1),
(6,1,23,1,232,1),
(6,5,24,1,43,1),
(6,5,24,1,153,1),
(7,3,20,1,59,1),
(7,3,20,1,204,1),
(8,5,18,1,204,1),
(8,5,18,1,242,1),
(9,5,16,1,91,1),
(9,5,16,1,203,1),
(10,3,14,1,54,1),
(10,3,14,1,203,1),
(10,7,15,1,97,1),
(10,7,15,1,198,1),
(12,5,12,1,29,1),
(12,11,14,1,84,1),
(12,11,14,1,212,1),
(1,1,139,1,59,2),
(3,3,47,1,73,2),
(5,5,29,1,149,2),
(13,11,13,1,183,2),
(1,1,141,1,130,0),
(3,1,47,1,52,0),
(3,1,47,1,113,0),
(7,5,21,1,235,0),
(7,5,21,1,266,0),
(9,7,17,1,111,0),
(9,7,17,1,133,0),
(11,3,13,1,124,0),
(11,3,13,1,238,0),
(1,0,141,1,71,4),
(2,2,71,1,175,4),
(3,0,47,1,64,4),
(5,4,29,1,75,4),
(5,4,29,1,135,4),
(6,6,25,1,79,4),
(10,6,15,1,108,4),
(10,6,15,1,224,4),
(1,1,142,1,179,-1),
(2,1,71,1,81,-1),
(2,1,71,1,235,-1),
(3,3,48,1,39,-4),
(4,3,36,1,52,-1),
(4,3,36,1,248,-1),
(6,3,24,1,78,-4),
(6,3,24,1,95,-4),
(7,7,22,1,28,-1),
(8,3,18,1,104,-1),
(8,3,18,1,219,-1),
(9,3,16,1,4,-1),
(9,3,16,1,117,-1),
(9,9,18,1,150,5),
(11,7,14,1,44,-1),
(11,7,14,1,94,-1),
(12,3,12,1,156,-4),
(1,1,144,1,74,-3),
(2,1,72,1,148,-3),
(2,1,72,1,179,-3),
(3,1,48,1,130,-3),
(3,1,48,1,222,-3),
(4,1,36,1,19,-3),
(4,1,36,1,81,-3),
(5,5,30,1,152,-8),
(6,1,24,1,167,-3),
(6,1,24,1,260,-3),
(6,5,25,1,39,-3),
(6,5,25,1,127,-3),
(8,1,18,1,38,-3),
(8,1,18,1,162,-3),
(9,1,16,1,112,-3),
(9,1,16,1,113,-3),
(10,5,15,1,27,-8),
(10,5,15,1,65,-8),
(12,1,12,1,57,-3),
(12,7,13,1,11,-3),
(12,7,13,1,95,-3),
(1,0,144,1,5,-1),
(2,0,72,1,10,1),
(3,0,48,1,15,2),
(4,0,36,1,20,5),
(4,4,37,1,244,-1),
(5,2,29,1,42,-1),
(5,2,29,1,63,-1),
(6,0,24,1,30,-2),
(8,0,18,1,40,1),
(8,8,20,1,130,5),
(9,0,16,1,45,-1),
(9,6,17,1,153,-1),
(9,6,17,1,254,-1),
(10,8,16,1,24,1),
(10,8,16,1,114,1),
(12,0,12,1,60,-10),
(12,12,15,1,7,2),
(13,10,13,1,55,-1),
(1,1,145,1,23,2),
(3,3,49,1,28,2),
(5,1,29,1,76,2),
(5,1,29,1,115,2),
(7,3,21,1,106,2),
(7,3,21,1,250,2),
(11,9,15,1,239,2),
(11,9,15,1,259,2),
(1,1,146,1,6,-3),
(2,1,73,1,12,-3),
(2,1,73,1,117,-3),
(4,3,37,1,106,-3),
(4,3,37,1,126,-3),
(8,5,19,1,46,-3),
(8,5,19,1,187,-3),
(11,11,16,1,118,-3),
(1,0,146,1,122,0),
(2,0,73,1,33,0),
(3,2,49,1,13,0),
(3,2,49,1,247,0),
(5,4,30,1,71,0),
(5,4,30,1,132,0),
(6,4,25,1,103,0),
(6,4,25,1,196,0),
(7,2,21,1,207,0),
(7,2,21,1,215,0),
(9,8,18,1,66,0),
(9,8,18,1,149,0),
(10,4,15,1,142,0),
(10,4,15,1,264,0),
(13,12,14,1,231,0),
(13,12,14,1,243,0),
(1,0,147,1,134,0),
(2,2,74,1,37,0),
(3,0,49,1,125,0),
(4,2,37,1,74,0),
(4,2,37,1,173,0),
(6,6,26,1,20,0),
(7,0,21,1,107,0),
(12,6,13,1,40,0),
(12,6,13,1,130,0),
(14,14,14,1,116,0),
(1,1,149,1,181,2),
(5,5,31,1,164,2),
(7,7,23,1,140,2),
(13,9,13,1,50,2),
(1,1,151,1,50,1),
(3,3,51,1,4,-2),
(9,3,17,1,12,1),
(9,3,17,1,53,1),
(9,9,19,1,91,1),
(1,1,153,1,167,0),
(3,1,51,1,91,0),
(3,1,51,1,224,0),
(5,3,31,1,20,0),
(5,3,31,1,105,0),
(9,1,17,1,118,0),
(9,1,17,1,273,0),
(11,7,15,1,143,0),
(11,7,15,1,152,0),
(13,13,15,1,32,0),
(1,0,154,1,97,0),
(2,0,77,1,83,0),
(5,2,31,1,44,0),
(5,2,31,1,224,0),
(7,0,22,1,125,0),
(10,8,17,1,115,0),
(10,8,17,1,243,0),
(11,0,14,1,41,0),
(1,0,155,1,32,2),
(2,2,78,1,82,4),
(3,2,52,1,122,2),
(3,2,52,1,123,2),
(4,2,39,1,164,2),
(4,2,39,1,255,2),
(5,0,31,1,117,2),
(6,2,26,1,244,4),
(6,2,26,1,246,4),
(9,8,19,1,13,2),
(9,8,19,1,249,2),
(10,10,18,1,106,4),
(12,2,13,1,211,2),
(12,2,13,1,215,2),
(12,10,15,1,223,2),
(12,10,15,1,238,2),
(1,1,156,1,91,1),
(2,1,78,1,182,1),
(2,1,78,1,269,1),
(3,1,52,1,265,1),
(3,1,52,1,273,1),
(4,1,39,1,87,1),
(4,1,39,1,261,1),
(6,1,26,1,253,1),
(6,1,26,1,269,1),
(6,5,27,1,23,1),
(6,5,27,1,182,1),
(7,7,24,1,72,1),
(8,7,21,1,168,1),
(8,7,21,1,201,1),
(9,5,18,1,173,1),
(9,5,18,1,273,1),
(11,9,16,1,30,1),
(11,9,16,1,56,1),
(12,1,13,1,229,1),
(12,1,13,1,261,1),
(12,7,14,1,163,1),
(12,7,14,1,252,1),
(1,0,156,1,126,-4),
(2,0,78,1,25,-4),
(3,0,52,1,101,-4),
(4,0,39,1,50,-4),
(4,4,40,1,21,4),
(5,4,32,1,216,-4),
(5,4,32,1,234,-4),
(6,0,26,1,75,-4),
(8,4,20,1,42,4),
(8,4,20,1,124,4),
(10,4,16,1,155,-4),
(10,4,16,1,191,-4),
(11,6,15,1,19,-4),
(11,6,15,1,36,-4),
(12,0,13,1,127,-4),
(12,12,16,1,224,4),
(1,0,157,1,109,1),
(2,2,79,1,134,1),
(7,4,23,1,123,1),
(7,4,23,1,202,1),
(13,10,14,1,4,1),
(13,10,14,1,114,1),
(1,1,159,1,128,1),
(3,1,53,1,55,1),
(3,1,53,1,107,1),
(5,5,33,1,155,1),
(7,3,23,1,102,1),
(7,3,23,1,211,1),
(9,7,19,1,197,1),
(9,7,19,1,240,1),
(11,5,15,1,28,1),
(11,5,15,1,64,1),
(1,1,160,1,8,-3),
(2,1,80,1,16,-3),
(2,1,80,1,29,-3),
(3,3,54,1,234,0),
(4,1,40,1,32,-3),
(4,1,40,1,58,-3),
(5,1,32,1,40,-3),
(5,1,32,1,211,-3),
(6,3,27,1,191,0),
(6,3,27,1,209,0),
(8,1,20,1,64,-3),
(8,1,20,1,116,-3),
(9,3,18,1,148,0),
(9,3,18,1,175,0),
(9,9,20,1,5,-3),
(10,1,16,1,80,-3),
(10,1,16,1,145,-3),
(10,9,18,1,194,-3),
(10,9,18,1,221,-3),
(12,9,15,1,99,0),
(12,9,15,1,122,0),
(1,0,160,1,95,0),
(2,0,80,1,87,0),
(4,0,40,1,103,0),
(4,4,41,1,168,0),
(5,0,32,1,79,0),
(7,2,23,1,146,0),
(7,2,23,1,155,0),
(8,0,20,1,71,0),
(8,8,22,1,14,0),
(10,0,16,1,119,0),
(11,8,16,1,188,0),
(11,8,16,1,227,0),
(13,6,13,1,61,0),
(14,12,14,1,96,0),
(1,1,161,1,190,-1),
(7,1,23,1,67,-1),
(7,1,23,1,222,-1),
(1,0,161,1,116,-2),
(2,2,81,1,43,-2),
(3,2,54,1,115,-2),
(3,2,54,1,203,-2),
(5,4,33,1,121,-2),
(5,4,33,1,265,-2),
(6,2,27,1,129,-2),
(6,2,27,1,230,-2),
(7,0,23,1,19,-2),
(9,2,18,1,55,-2),
(9,2,18,1,68,-2),
(10,6,17,1,23,-2),
(10,6,17,1,107,-2),
(11,4,15,1,29,-2),
(11,4,15,1,100,-2),
(14,14,15,1,121,-2),
(1,0,164,1,82,1),
(2,0,82,1,113,3),
(3,2,55,1,38,1),
(3,2,55,1,244,1),
(4,0,41,1,51,1),
(4,4,42,1,181,3),
(5,2,33,1,222,1),
(5,2,33,1,248,1),
(6,4,28,1,133,3),
(6,4,28,1,223,3),
(7,4,24,1,109,1),
(7,4,24,1,214,1),
(8,4,21,1,85,1),
(8,4,21,1,205,1),
(9,8,20,1,103,1),
(9,8,20,1,229,1),
(10,8,18,1,39,3),
(10,8,18,1,176,3),
(11,2,15,1,47,1),
(11,2,15,1,156,1),
(12,4,14,1,169,3),
(12,4,14,1,266,3),
(12,8,15,1,45,1),
(12,8,15,1,213,1),
(1,0,165,1,18,-2),
(2,2,83,1,71,-2),
(3,0,55,1,54,-2),
(5,0,33,1,90,-2),
(6,6,29,1,45,-2),
(10,10,19,1,54,-2),
(11,0,15,1,79,-2),
(13,4,13,1,91,-2),
(1,1,167,1,151,-1),
(11,9,17,1,48,-1),
(11,9,17,1,147,-1),
(13,3,13,1,22,-1),
(1,1,168,1,106,3),
(2,1,84,1,187,3),
(2,1,84,1,212,3),
(3,1,56,1,41,3),
(3,1,56,1,142,3),
(4,1,42,1,97,3),
(4,1,42,1,147,3),
(5,3,34,1,206,3),
(5,3,34,1,242,3),
(6,1,28,1,7,3),
(6,1,28,1,82,3),
(6,5,29,1,60,3),
(6,5,29,1,64,3),
(7,1,24,1,188,3),
(7,1,24,1,239,3),
(8,1,21,1,17,3),
(8,1,21,1,194,3),
(9,7,20,1,162,3),
(9,7,20,1,267,3),
(10,3,17,1,135,3),
(10,3,17,1,207,3),
(10,7,18,1,112,3),
(10,7,18,1,180,3),
(11,11,18,1,26,3),
(12,1,14,1,14,3),
(12,1,14,1,164,3),
(12,7,15,1,79,3),
(12,7,15,1,216,3),
(14,13,15,1,105,3),
(14,13,15,1,245,3),
(1,1,169,1,88,0),
(3,3,57,1,188,0),
(5,5,35,1,129,0),
(7,5,25,1,207,0),
(7,5,25,1,236,0),
(9,3,19,1,10,0),
(9,3,19,1,19,0),
(9,9,21,1,83,0),
(13,1,13,1,36,0),
(15,15,15,1,116,0),
(1,0,169,1,38,6),
(2,2,85,1,133,6),
(5,2,34,1,194,6),
(5,2,34,1,197,6),
(10,2,17,1,111,6),
(10,2,17,1,117,6),
(13,0,13,1,60,-7),
(1,0,171,1,14,2),
(2,2,86,1,72,4),
(3,0,57,1,42,-4),
(4,2,43,1,17,2),
(4,2,43,1,144,2),
(5,4,35,1,74,2),
(5,4,35,1,100,2),
(6,6,30,1,52,-8),
(7,4,25,1,140,2),
(7,4,25,1,159,2),
(9,0,19,1,126,2),
(9,6,20,1,78,2),
(9,6,20,1,171,2),
(10,6,18,1,179,4),
(10,6,18,1,190,4),
(11,8,17,1,108,2),
(11,8,17,1,250,2),
(12,6,15,1,104,-4),
(12,6,15,1,228,-4),
(14,10,14,1,165,4),
(1,1,172,1,149,2),
(2,1,86,1,21,2),
(2,1,86,1,227,2),
(3,3,58,1,55,2),
(4,1,43,1,42,2),
(4,1,43,1,177,2),
(6,3,29,1,110,2),
(6,3,29,1,186,2),
(8,7,23,1,114,2),
(8,7,23,1,247,2),
(12,9,16,1,8,2),
(12,9,16,1,78,2),
(1,1,174,1,175,-2),
(2,1,87,1,73,-2),
(2,1,87,1,83,-2),
(3,1,58,1,248,-2),
(3,1,58,1,263,-2),
(4,3,44,1,13,-2),
(4,3,44,1,31,-2),
(5,5,36,1,239,-2),
(6,1,29,1,219,-2),
(6,1,29,1,249,-2),
(6,5,30,1,147,-2),
(6,5,30,1,176,-2),
(8,3,22,1,26,-2),
(8,3,22,1,62,-2),
(9,5,20,1,82,-2),
(9,5,20,1,264,-2),
(10,5,18,1,201,-2),
(10,5,18,1,245,-2),
(11,3,16,1,16,-2),
(11,3,16,1,105,-2),
(12,5,15,1,17,-2),
(12,5,15,1,75,-2),
(12,11,17,1,66,-2),
(12,11,17,1,80,-2),
(1,0,175,1,33,0),
(2,2,88,1,161,6),
(4,2,44,1,45,6),
(4,2,44,1,169,6),
(5,0,35,1,112,0),
(7,0,25,1,46,0),
(8,2,22,1,61,6),
(8,2,22,1,90,6),
(8,6,23,1,86,0),
(8,6,23,1,263,0),
(10,10,20,1,150,16),
(11,2,16,1,193,0),
(11,2,16,1,257,0),
(14,14,16,1,158,6),
(1,0,177,1,83,-2),
(2,2,89,1,25,-2),
(3,0,59,1,28,-2),
(6,6,31,1,80,-2),
(1,1,178,1,134,0),
(2,1,89,1,37,0),
(2,1,89,1,268,0),
(3,3,60,1,199,0),
(4,3,45,1,67,0),
(4,3,45,1,173,0),
(5,3,36,1,147,0),
(5,3,36,1,153,0),
(6,3,30,1,121,0),
(6,3,30,1,239,0),
(8,5,23,1,119,0),
(8,5,23,1,218,0),
(9,3,20,1,43,0),
(9,3,20,1,220,0),
(9,9,22,1,11,0),
(10,3,18,1,17,0),
(10,3,18,1,29,0),
(10,7,19,1,16,0),
(10,7,19,1,144,0),
(11,9,18,1,63,0),
(11,9,18,1,75,0),
(12,3,15,1,201,0),
(12,3,15,1,242,0),
(13,11,16,1,67,0),
(13,11,16,1,192,0),
(1,1,179,1,43,-3),
(5,5,37,1,9,-3),
(11,11,19,1,134,-3),
(13,13,17,1,166,-3),
(1,1,180,1,71,-1),
(2,1,90,1,142,-1),
(2,1,90,1,175,-1),
(3,1,60,1,124,-1),
(3,1,60,1,213,-1),
(4,1,45,1,7,-1),
(4,1,45,1,73,-1),
(5,1,36,1,22,-1),
(5,1,36,1,78,-1),
(6,1,30,1,149,-1),
(6,1,30,1,248,-1),
(6,5,31,1,162,-1),
(6,5,31,1,231,-1),
(7,3,26,1,76,-1),
(7,3,26,1,105,-1),
(8,7,24,1,13,-1),
(8,7,24,1,206,-1),
(9,1,20,1,85,-1),
(9,1,20,1,95,-1),
(10,1,18,1,44,-1),
(10,1,18,1,156,-1),
(10,9,20,1,251,-1),
(10,9,20,1,261,-1),
(12,1,15,1,21,-1),
(12,1,15,1,219,-1),
(12,7,16,1,32,-1),
(12,7,16,1,158,-1),
(13,3,14,1,62,-1),
(13,3,14,1,195,-1),
(14,11,15,1,34,-1),
(14,11,15,1,113,-1),
(1,1,181,1,133,2),
(3,3,61,1,104,2),
(11,5,17,1,145,2),
(11,5,17,1,148,2),
(1,1,183,1,25,1),
(3,1,61,1,75,1),
(3,1,61,1,93,1),
(5,3,37,1,41,1),
(5,3,37,1,191,1),
(7,5,27,1,36,1),
(7,5,27,1,169,1),
(9,5,21,1,59,1),
(9,5,21,1,165,1),
(13,7,15,1,101,1),
(13,7,15,1,194,1),
(15,13,15,1,83,1),
(1,1,185,1,115,-3),
(5,1,37,1,21,-3),
(5,1,37,1,241,-3),
(11,3,17,1,166,-3),
(11,3,17,1,176,-3),
(1,0,185,1,44,0),
(2,2,93,1,115,0),
(3,2,62,1,34,0),
(3,2,62,1,100,0),
(5,0,37,1,57,0),
(6,2,31,1,68,0),
(6,2,31,1,200,0),
(7,4,27,1,37,0),
(7,4,27,1,127,0),
(9,4,21,1,5,0),
(9,4,21,1,8,0),
(10,10,21,1,84,0),
(13,12,17,1,120,0),
(13,12,17,1,140,0),
(14,10,15,1,11,0),
(14,10,15,1,173,0),
(1,1,186,1,224,-2),
(2,1,93,1,171,-2),
(2,1,93,1,243,-2),
(3,1,62,1,118,-2),
(3,1,62,1,226,-2),
(4,3,47,1,27,-2),
(4,3,47,1,191,-2),
(6,1,31,1,175,-2),
(6,1,31,1,236,-2),
(6,5,32,1,5,-2),
(6,5,32,1,142,-2),
(8,5,24,1,97,-2),
(8,5,24,1,99,-2),
(9,7,22,1,45,-2),
(9,7,22,1,68,-2),
(11,7,18,1,55,-2),
(11,7,18,1,237,-2),
(12,5,16,1,7,-2),
(12,5,16,1,10,-2),
(12,11,18,1,83,-2),
(12,11,18,1,178,-2),
(1,0,186,1,22,-2),
(2,0,93,1,44,-2),
(3,0,62,1,66,-2),
(5,4,38,1,213,-2),
(5,4,38,1,268,-2),
(6,0,31,1,132,-2),
(10,4,19,1,149,-2),
(10,4,19,1,259,-2),
(11,2,17,1,94,-2),
(11,2,17,1,134,-2),
(13,6,15,1,4,-2),
(13,6,15,1,51,-2),
(1,1,187,1,83,3),
(3,3,63,1,35,0),
(7,3,27,1,174,3),
(7,3,27,1,226,3),
(9,3,21,1,105,0),
(9,3,21,1,251,0),
(9,9,23,1,168,3),
(11,1,17,1,32,3),
(11,1,17,1,82,3),
(1,0,187,1,121,-2),
(2,2,94,1,58,-4),
(4,2,47,1,116,-2),
(4,2,47,1,214,-2),
(7,6,28,1,3,-2),
(7,6,28,1,254,-2),
(11,0,17,1,54,-2),
(14,6,14,1,6,-4),
(1,0,188,1,94,0),
(2,0,94,1,89,0),
(3,2,63,1,102,0),
(3,2,63,1,131,0),
(4,0,47,1,99,0),
(4,4,48,1,105,0),
(6,4,32,1,19,0),
(6,4,32,1,154,0),
(7,2,27,1,121,0),
(7,2,27,1,238,0),
(8,4,24,1,113,0),
(8,4,24,1,210,0),
(9,2,21,1,29,0),
(9,2,21,1,116,0),
(12,4,16,1,31,0),
(12,4,16,1,38,0),
(12,8,17,1,166,0),
(12,8,17,1,192,0),
(14,12,16,1,100,0),
(14,12,16,1,107,0),
(1,1,189,1,20,0),
(3,1,63,1,60,0),
(3,1,63,1,195,0),
(5,5,39,1,175,0),
(7,1,27,1,140,0),
(7,1,27,1,178,0),
(9,1,21,1,31,0),
(9,1,21,1,180,0),
(11,9,19,1,155,0),
(11,9,19,1,209,0),
(13,5,15,1,178,0),
(13,5,15,1,191,0),
(1,0,189,1,75,-4),
(2,2,95,1,224,-4),
(3,0,63,1,52,2),
(5,2,38,1,6,-4),
(5,2,38,1,96,-4),
(6,6,33,1,74,2),
(7,0,27,1,29,-4),
(9,0,21,1,121,2),
(9,6,22,1,65,-4),
(9,6,22,1,111,-4),
(10,2,19,1,12,-4),
(10,2,19,1,192,-4),
(11,6,18,1,141,-4),
(11,6,18,1,228,-4),
(14,14,17,1,35,-4),
(15,12,15,1,169,2),
(1,0,190,1,11,6),
(2,0,95,1,22,6),
(5,0,38,1,55,6),
(10,0,19,1,110,6),
(1,0,191,1,80,0),
(2,2,96,1,12,-4),
(3,2,64,1,18,0),
(3,2,64,1,233,0),
(4,2,48,1,24,-4),
(4,2,48,1,126,-4),
(5,4,39,1,13,0),
(5,4,39,1,271,0),
(6,2,32,1,36,-4),
(6,2,32,1,189,-4),
(8,2,24,1,48,-4),
(8,2,24,1,252,-4),
(8,6,25,1,46,0),
(8,6,25,1,264,0),
(9,8,23,1,34,0),
(9,8,23,1,62,0),
(10,6,20,1,53,-4),
(10,6,20,1,196,-4),
(12,2,16,1,72,-4),
(12,2,16,1,101,-4),
(12,10,18,1,28,-4),
(12,10,18,1,33,-4),
(13,4,15,1,200,0),
(13,4,15,1,206,0),
(15,14,16,1,37,0),
(15,14,16,1,66,0),
(1,1,192,1,119,1),
(2,1,96,1,215,1),
(2,1,96,1,238,1),
(3,1,64,1,80,1),
(3,1,64,1,184,1),
(4,1,48,1,153,1),
(4,1,48,1,199,1),
(6,1,32,1,91,1),
(6,1,32,1,160,1),
(6,5,33,1,4,1),
(6,5,33,1,63,1),
(8,1,24,1,29,1),
(8,1,24,1,121,1),
(9,5,22,1,6,1),
(9,5,22,1,233,1),
(11,5,18,1,192,1),
(11,5,18,1,254,1),
(12,1,16,1,43,1),
(12,1,16,1,182,1),
(12,7,17,1,24,1),
(12,7,17,1,220,1),
(13,13,18,1,161,1),
(1,0,192,1,48,0),
(2,0,96,1,96,0),
(3,0,64,1,133,0),
(4,0,48,1,85,0),
(4,4,49,1,38,0),
(6,0,32,1,11,0),
(7,4,28,1,151,0),
(7,4,28,1,205,0),
(8,0,24,1,107,0),
(8,8,26,1,56,0),
(12,0,16,1,22,0),
(12,12,19,1,164,0),
(13,8,16,1,47,0),
(13,8,16,1,91,0),
(14,4,14,1,25,0),
(16,16,16,1,116,0),
(1,0,193,1,102,-3),
(2,2,97,1,83,-3),
(11,8,19,1,130,-3),
(11,8,19,1,132,-3),
(1,0,194,1,78,0),
(2,0,97,1,121,0),
(3,2,65,1,220,0),
(3,2,65,1,253,0),
(5,2,39,1,182,0),
(5,2,39,1,237,0),
(6,4,33,1,22,0),
(6,4,33,1,87,0),
(7,6,29,1,13,0),
(7,6,29,1,25,0),
(9,4,22,1,33,0),
(9,4,22,1,269,0),
(10,8,21,1,140,0),
(10,8,21,1,163,0),
(11,4,18,1,21,0),
(11,4,18,1,225,0),
(13,2,15,1,30,0),
(13,2,15,1,173,0),
(14,8,15,1,62,0),
(14,8,15,1,196,0),
(1,1,195,1,182,1),
(3,1,65,1,106,1),
(3,1,65,1,269,1),
(5,1,39,1,79,1),
(5,1,39,1,269,1),
(9,7,23,1,179,1),
(9,7,23,1,182,1),
(13,1,15,1,90,1),
(13,1,15,1,150,1),
(15,11,15,1,182,1),
(1,1,196,1,84,0),
(2,1,98,1,168,0),
(2,1,98,1,174,0),
(3,3,66,1,27,0),
(4,1,49,1,59,0),
(4,1,49,1,71,0),
(6,3,33,1,54,0),
(6,3,33,1,97,0),
(7,1,28,1,34,0),
(7,1,28,1,55,0),
(8,7,26,1,155,0),
(8,7,26,1,175,0),
(9,3,22,1,7,0),
(9,3,22,1,81,0),
(9,9,24,1,64,0),
(11,3,18,1,99,0),
(11,3,18,1,224,0),
(12,9,18,1,145,0),
(12,9,18,1,270,0),
(13,7,16,1,42,0),
(13,7,16,1,148,0),
(14,1,14,1,68,0),
(14,13,17,1,186,0),
(14,13,17,1,188,0),
(1,0,196,1,123,3),
(2,0,98,1,31,9),
(4,0,49,1,62,3),
(4,4,50,1,50,9),
(5,4,40,1,159,3),
(5,4,40,1,201,3),
(7,0,28,1,30,-4),
(8,4,25,1,100,3),
(8,4,25,1,199,3),
(10,4,20,1,41,9),
(10,4,20,1,125,9),
(13,10,17,1,98,3),
(13,10,17,1,211,3),
(14,0,14,1,60,-12),
(1,1,198,1,61,3),
(2,1,99,1,122,3),
(2,1,99,1,141,3),
(3,1,66,1,73,3),
(3,1,66,1,183,3),
(4,3,50,1,236,3),
(4,3,50,1,257,3),
(5,3,40,1,18,3),
(5,3,40,1,252,3),
(6,1,33,1,89,3),
(6,1,33,1,146,3),
(6,5,34,1,13,3),
(6,5,34,1,272,3),
(7,7,30,1,22,3),
(8,3,25,1,195,3),
(8,3,25,1,237,3),
(9,1,22,1,219,3),
(9,1,22,1,272,3),
(10,3,20,1,36,3),
(10,3,20,1,227,3),
(10,7,21,1,21,3),
(10,7,21,1,71,3),
(11,1,18,1,83,3),
(11,1,18,1,117,3),
(12,5,17,1,26,3),
(12,5,17,1,267,3),
(12,11,19,1,96,3),
(12,11,19,1,195,3),
(14,7,15,1,44,3),
(14,7,15,1,251,3),
(15,13,16,1,62,3),
(15,13,16,1,93,3),
(1,0,198,1,47,-1),
(2,0,99,1,94,-1),
(3,0,66,1,136,2),
(6,0,33,1,5,2),
(9,0,22,1,131,-1),
(9,6,23,1,77,-1),
(9,6,23,1,272,-1),
(11,0,18,1,37,-1),
(13,12,18,1,55,-1),
(13,12,18,1,129,-1),
(1,1,199,1,158,-4),
(3,3,67,1,2,-4),
(5,5,41,1,10,-4),
(15,15,17,1,89,-4),
(1,1,201,1,28,0),
(3,1,67,1,84,0),
(3,1,67,1,255,0),
(7,3,29,1,3,0),
(7,3,29,1,16,0),
(9,5,23,1,76,0),
(9,5,23,1,261,0),
(11,11,21,1,167,0),
(13,9,17,1,76,0),
(13,9,17,1,119,0),
(1,0,201,1,125,0),
(2,2,101,1,20,0),
(3,0,67,1,98,0),
(5,4,41,1,52,0),
(5,4,41,1,56,0),
(6,6,35,1,26,0),
(7,6,30,1,215,0),
(7,6,30,1,228,0),
(10,6,21,1,207,0),
(10,6,21,1,228,0),
(14,6,15,1,153,0),
(14,6,15,1,179,0),
(1,0,202,1,101,-4),
(2,0,101,1,75,-4),
(7,2,29,1,137,-4),
(7,2,29,1,245,-4),
(14,12,17,1,266,-4),
(14,12,17,1,271,-4),
(1,0,203,1,54,2),
(2,2,102,1,45,4),
(3,2,68,1,128,2),
(3,2,68,1,206,2),
(4,2,51,1,90,2),
(4,2,51,1,263,2),
(6,2,34,1,135,4),
(6,2,34,1,256,4),
(7,0,29,1,101,2),
(9,4,23,1,55,2),
(9,4,23,1,270,2),
(12,2,17,1,235,2),
(12,2,17,1,270,2),
(12,10,19,1,81,2),
(12,10,19,1,108,2),
(14,14,18,1,70,4),
(1,1,204,1,55,2),
(2,1,102,1,110,2),
(2,1,102,1,186,2),
(3,1,68,1,2,2),
(3,1,68,1,165,2),
(4,1,51,1,95,2),
(4,1,51,1,220,2),
(5,5,42,1,122,2),
(6,1,34,1,4,2),
(6,1,34,1,53,2),
(6,5,35,1,91,2),
(6,5,35,1,265,2),
(7,5,30,1,60,2),
(7,5,30,1,263,2),
(8,7,27,1,87,2),
(8,7,27,1,200,2),
(9,7,24,1,225,2),
(9,7,24,1,271,2),
(10,5,21,1,244,2),
(10,5,21,1,257,2),
(12,1,17,1,8,2),
(12,1,17,1,106,2),
(12,7,18,1,23,2),
(12,7,18,1,269,2),
(13,11,18,1,115,2),
(13,11,18,1,146,2),
(14,5,15,1,120,2),
(14,5,15,1,249,2),
(14,9,16,1,147,2),
(14,9,16,1,216,2),
(1,1,205,1,104,1),
(3,3,69,1,40,-2),
(5,1,41,1,61,1),
(5,1,41,1,243,1),
(7,7,31,1,161,1),
(9,3,23,1,120,1),
(9,3,23,1,193,1),
(9,9,25,1,210,1),
(13,13,19,1,73,1),
(15,9,15,1,73,-2),
(1,0,206,1,133,1),
(2,0,103,1,11,1),
(3,2,69,1,104,1),
(3,2,69,1,181,1),
(5,4,42,1,205,1),
(5,4,42,1,217,1),
(6,4,35,1,205,1),
(6,4,35,1,246,1),
(7,4,30,1,10,1),
(7,4,30,1,193,1),
(9,2,23,1,35,1),
(9,2,23,1,266,1),
(10,4,21,1,133,1),
(10,4,21,1,157,1),
(11,10,21,1,212,1),
(11,10,21,1,236,1),
(14,4,15,1,20,1),
(14,4,15,1,109,1),
(15,14,17,1,47,1),
(15,14,17,1,164,1),
(1,1,207,1,2,1),
(3,1,69,1,6,1),
(3,1,69,1,275,1),
(9,1,23,1,18,1),
(9,1,23,1,271,1),
(11,3,19,1,51,1),
(11,3,19,1,255,1),
(1,0,207,1,98,0),
(2,2,104,1,26,6),
(3,0,69,1,17,0),
(4,2,52,1,52,6),
(4,2,52,1,193,6),
(6,6,36,1,152,0),
(8,2,26,1,104,6),
(8,2,26,1,109,6),
(8,6,27,1,18,0),
(8,6,27,1,228,0),
(9,0,23,1,51,0),
(9,6,24,1,118,0),
(9,6,24,1,228,0),
(12,6,18,1,27,0),
(12,6,18,1,65,0),
(13,2,16,1,4,0),
(13,2,16,1,169,0),
(16,14,16,1,134,6),
(1,1,208,1,275,0),
(2,1,104,1,273,0),
(3,3,70,1,275,0),
(4,1,52,1,269,0),
(5,3,42,1,89,0),
(6,3,35,1,273,0),
(7,3,30,1,180,0),
(8,1,26,1,261,0),
(10,3,21,1,178,0),
(10,7,22,1,195,0),
(11,7,20,1,76,0),
(12,9,19,1,182,0),
(13,1,16,1,251,0),
(14,3,15,1,83,0),
(14,11,17,1,73,0),
(1,0,208,1,120,1),
(2,0,104,1,37,-1),
(4,0,52,1,74,-5),
(4,4,53,1,173,1),
(7,6,31,1,260,1),
(7,6,31,1,267,1),
(8,0,26,1,129,-1),
(8,8,28,1,179,-5),
(11,2,19,1,89,1),
(11,2,19,1,115,1),
(13,0,16,1,102,1),
(14,8,16,1,171,-1),
(14,8,16,1,244,-1),
(16,16,17,1,177,1),
(1,1,209,1,7,3),
(5,5,43,1,11,3),
(11,1,19,1,25,3),
(11,1,19,1,77,3),
(13,7,17,1,37,3),
(13,7,17,1,207,3),
(1,0,210,1,40,4),
(2,0,105,1,80,4),
(3,0,70,1,120,4),
(5,0,42,1,77,4),
(6,0,35,1,37,4),
(7,0,30,1,3,4),
(10,0,21,1,123,4),
(14,0,15,1,6,4),
(1,1,211,1,56,0),
(3,3,71,1,143,0),
(7,5,31,1,137,0),
(7,5,31,1,256,0),
(11,9,21,1,114,0),
(11,9,21,1,123,0),
(1,0,211,1,129,0),
(2,2,106,1,177,0),
(4,2,53,1,77,0),
(4,2,53,1,247,0),
(5,4,43,1,82,0),
(5,4,43,1,240,0),
(10,6,22,1,198,0),
(10,6,22,1,255,0),
(11,6,20,1,107,0),
(11,6,20,1,142,0),
(13,12,19,1,25,0),
(13,12,19,1,91,0),
(1,1,212,1,77,0),
(2,1,106,1,154,0),
(2,1,106,1,204,0),
(4,1,53,1,31,0),
(4,1,53,1,131,0),
(7,7,32,1,113,0),
(8,7,28,1,19,0),
(8,7,28,1,50,0),
(11,11,22,1,150,11),
(14,7,16,1,226,0),
(14,7,16,1,241,0),
(1,0,213,1,104,2),
(2,2,107,1,119,2),
(3,0,71,1,35,2),
(6,6,37,1,75,2),
(7,4,31,1,27,2),
(7,4,31,1,232,2),
(14,10,17,1,97,2),
(14,10,17,1,212,2),
(1,0,214,1,24,3),
(2,0,107,1,48,3),
(5,2,43,1,55,3),
(5,2,43,1,106,3),
(10,8,23,1,186,3),
(10,8,23,1,187,3),
(1,1,215,1,3,-1),
(5,1,43,1,15,-1),
(5,1,43,1,204,-1),
(7,3,31,1,128,-1),
(7,3,31,1,274,-1),
(13,5,17,1,103,-1),
(13,5,17,1,190,-1),
(1,0,215,1,137,0),
(2,2,108,1,165,2),
(3,2,72,1,109,0),
(3,2,72,1,268,0),
(4,2,54,1,53,2),
(4,2,54,1,265,2),
(5,0,43,1,131,0),
(6,2,36,1,218,2),
(6,2,36,1,259,2),
(7,6,32,1,124,0),
(7,6,32,1,274,0),
(8,2,27,1,106,0),
(8,2,27,1,253,0),
(8,6,28,1,23,2),
(8,6,28,1,234,2),
(9,2,24,1,50,0),
(9,2,24,1,250,0),
(10,10,24,1,19,2),
(11,8,21,1,57,0),
(11,8,21,1,246,0),
(12,2,18,1,159,2),
(12,2,18,1,241,2),
(12,10,20,1,189,2),
(12,10,20,1,226,2),
(14,6,16,1,248,2),
(14,6,16,1,271,2),
(15,10,16,1,144,0),
(15,10,16,1,167,0),
(1,1,217,1,244,0),
(3,3,73,1,7,0),
(7,1,31,1,46,0),
(7,1,31,1,88,0),
(13,11,19,1,85,0),
(13,11,19,1,206,0),
(17,17,17,1,116,0),
(1,1,218,1,168,-3),
(2,1,109,1,59,-3),
(2,1,109,1,157,-3),
(4,3,55,1,155,-3),
(4,3,55,1,268,-3),
(5,3,44,1,58,-3),
(5,3,44,1,263,-3),
(7,5,32,1,24,-3),
(7,5,32,1,123,-3),
(8,5,28,1,67,-3),
(8,5,28,1,101,-3),
(10,3,22,1,116,-3),
(10,3,22,1,249,-3),
(10,7,23,1,147,-3),
(10,7,23,1,214,-3),
(11,3,20,1,80,-3),
(11,3,20,1,183,-3),
(13,13,20,1,149,-3),
(14,5,16,1,48,-3),
(14,5,16,1,246,-3),
(14,9,17,1,208,-3),
(14,9,17,1,264,-3),
(1,0,218,1,51,0),
(2,0,109,1,102,0),
(3,2,73,1,45,0),
(3,2,73,1,213,0),
(6,4,37,1,231,0),
(6,4,37,1,263,0),
(9,8,26,1,41,0),
(9,8,26,1,257,0),
(13,8,18,1,90,0),
(13,8,18,1,125,0),
(1,1,220,1,38,6),
(2,1,110,1,76,6),
(2,1,110,1,133,6),
(3,3,74,1,164,6),
(4,1,55,1,152,6),
(4,1,55,1,266,6),
(5,1,44,1,190,6),
(5,1,44,1,194,6),
(6,3,37,1,51,6),
(6,3,37,1,181,6),
(8,7,29,1,65,6),
(8,7,29,1,164,6),
(10,1,22,1,103,6),
(10,1,22,1,111,6),
(10,9,24,1,25,6),
(10,9,24,1,217,6),
(11,1,20,1,39,6),
(11,1,20,1,141,6),
(12,9,20,1,30,6),
(12,9,20,1,205,6),
(15,9,16,1,176,6),
(15,9,16,1,187,6),
(1,0,220,1,62,2),
(2,0,110,1,124,2),
(4,0,55,1,29,2),
(4,4,56,1,16,-2),
(5,0,44,1,33,2),
(7,4,32,1,28,2),
(7,4,32,1,145,2),
(8,4,28,1,32,-2),
(8,4,28,1,47,-2),
(10,0,22,1,66,2),
(11,0,20,1,128,2),
(13,2,17,1,232,2),
(13,2,17,1,273,2),
(14,4,16,1,13,2),
(14,4,16,1,56,2),
(16,12,16,1,82,-2),
(1,1,221,1,173,0),
(13,1,17,1,33,0),
(13,1,17,1,81,0),
(1,0,222,1,39,-2),
(2,0,111,1,78,-2),
(3,0,74,1,117,-2),
(6,0,37,1,43,-2),
(7,6,33,1,86,-2),
(7,6,33,1,216,-2),
(11,6,21,1,56,-2),
(11,6,21,1,102,-2),
(13,10,19,1,193,-2),
(13,10,19,1,273,-2),
(14,8,17,1,118,-2),
(14,8,17,1,240,-2),
(1,1,224,1,19,4),
(2,1,112,1,38,4),
(2,1,112,1,192,4),
(4,1,56,1,76,4),
(4,1,56,1,107,4),
(5,5,46,1,70,4),
(7,1,32,1,118,4),
(7,1,32,1,133,4),
(8,1,28,1,152,4),
(8,1,28,1,214,4),
(10,5,23,1,140,4),
(10,5,23,1,197,4),
(14,1,16,1,236,4),
(14,1,16,1,266,4),
(14,13,19,1,5,4),
(14,13,19,1,213,4),
(1,0,225,1,4,1),
(2,2,113,1,182,1),
(3,0,75,1,12,-2),
(5,0,45,1,20,6),
(6,6,39,1,23,-2),
(9,0,25,1,36,1),
(9,6,26,1,173,1),
(9,6,26,1,189,1),
(10,10,25,1,130,6),
(13,6,18,1,96,1),
(13,6,18,1,273,1),
(15,0,15,1,60,-12),
(17,16,17,1,191,1),
(1,1,227,1,81,-2),
(13,9,19,1,140,-2),
(13,9,19,1,224,-2),
(1,0,228,1,79,0),
(2,0,114,1,119,0),
(3,0,76,1,40,0),
(4,0,57,1,39,0),
(4,4,58,1,167,0),
(6,0,38,1,80,0),
(8,4,29,1,57,0),
(8,4,29,1,153,0),
(11,10,23,1,144,0),
(11,10,23,1,253,0),
(12,0,19,1,117,0),
(12,12,22,1,12,0),
(1,1,229,1,9,0),
(3,3,77,1,239,0),
(5,5,47,1,127,0),
(7,3,33,1,55,0),
(7,3,33,1,96,0),
(11,3,21,1,126,0),
(11,3,21,1,230,0),
(15,15,19,1,181,0),
(1,0,229,1,57,3),
(2,2,115,1,84,3),
(5,2,46,1,79,3),
(5,2,46,1,210,3),
(7,6,34,1,170,3),
(7,6,34,1,172,3),
(10,2,23,1,143,3),
(10,2,23,1,158,3),
(14,6,17,1,63,3),
(14,6,17,1,67,3),
(1,1,230,1,122,2),
(2,1,115,1,244,2),
(2,1,115,1,257,2),
(4,3,58,1,202,2),
(4,3,58,1,223,2),
(5,1,46,1,56,2),
(5,1,46,1,227,2),
(8,3,29,1,127,2),
(8,3,29,1,169,2),
(10,1,23,1,112,2),
(10,1,23,1,177,2),
(10,9,25,1,207,2),
(10,9,25,1,258,2),
(11,7,22,1,54,2),
(11,7,22,1,59,2),
(13,11,20,1,87,2),
(13,11,20,1,231,2),
(16,13,17,1,11,2),
(16,13,17,1,86,2),
(1,0,230,1,77,0),
(2,0,115,1,123,0),
(3,2,77,1,29,0),
(3,2,77,1,212,0),
(5,0,46,1,108,0),
(6,4,39,1,35,0),
(6,4,39,1,249,0),
(7,2,33,1,33,0),
(7,2,33,1,160,0),
(9,4,26,1,191,0),
(9,4,26,1,235,0),
(10,0,23,1,61,0),
(11,2,21,1,14,0),
(11,2,21,1,131,0),
(13,4,18,1,122,0),
(13,4,18,1,124,0),
(14,12,19,1,161,0),
(14,12,19,1,232,0),
(15,10,17,1,129,0),
(15,10,17,1,180,0),
(1,1,231,1,127,-1),
(3,1,77,1,104,-1),
(3,1,77,1,155,-1),
(7,1,33,1,58,-1),
(7,1,33,1,177,-1),
(9,7,27,1,40,-1),
(9,7,27,1,247,-1),
(11,1,21,1,12,-1),
(11,1,21,1,199,-1),
(13,13,21,1,80,-1),
(1,1,233,1,53,5),
(5,3,47,1,26,5),
(5,3,47,1,192,5),
(7,7,35,1,52,-2),
(11,9,23,1,53,5),
(11,9,23,1,55,5),
(17,15,17,1,153,5),
(1,1,235,1,79,-2),
(3,3,79,1,56,-2),
(5,1,47,1,47,-2),
(5,1,47,1,118,-2),
(13,7,19,1,189,-2),
(13,7,19,1,248,-2),
(15,9,17,1,49,-2),
(15,9,17,1,146,-2),
(1,1,236,1,80,1),
(2,1,118,1,63,1),
(2,1,118,1,160,1),
(4,1,59,1,43,1),
(4,1,59,1,126,1),
(7,3,34,1,42,1),
(7,3,34,1,129,1),
(8,7,31,1,46,1),
(8,7,31,1,61,1),
(11,5,22,1,86,1),
(11,5,22,1,153,1),
(14,3,17,1,84,1),
(14,3,17,1,258,1),
(14,11,19,1,114,1),
(14,11,19,1,177,1),
(16,9,16,1,141,1),
(1,0,236,1,132,0),
(2,0,118,1,13,-4),
(3,2,79,1,72,0),
(3,2,79,1,219,0),
(4,0,59,1,26,0),
(4,4,60,1,44,-8),
(5,4,48,1,55,0),
(5,4,48,1,245,0),
(6,4,40,1,17,-4),
(6,4,40,1,66,-4),
(7,6,35,1,20,0),
(7,6,35,1,241,0),
(8,4,30,1,88,-4),
(8,4,30,1,115,-4),
(9,8,28,1,44,0),
(9,8,28,1,114,0),
(10,4,24,1,110,-4),
(10,4,24,1,213,-4),
(12,4,20,1,34,-8),
(12,4,20,1,132,-8),
(12,8,21,1,151,0),
(12,8,21,1,152,0),
(14,8,18,1,85,-4),
(14,8,18,1,130,-4),
(15,4,16,1,165,0),
(15,4,16,1,181,0),
(15,14,19,1,123,0),
(15,14,19,1,197,0),
(16,12,17,1,41,0),
(16,12,17,1,219,0),
(1,1,237,1,75,-1),
(3,1,79,1,59,-1),
(3,1,79,1,225,-1),
(9,5,27,1,94,-1),
(9,5,27,1,111,-1),
(1,0,237,1,43,2),
(2,2,119,1,61,2),
(3,0,79,1,129,2),
(6,6,41,1,177,2),
(7,2,34,1,39,2),
(7,2,34,1,75,2),
(11,8,23,1,183,2),
(11,8,23,1,190,2),
(13,12,21,1,108,2),
(13,12,21,1,208,2),
(14,2,17,1,78,2),
(14,2,17,1,150,2),
(1,1,238,1,86,-2),
(2,1,119,1,172,-2),
(2,1,119,1,240,-2),
(3,3,80,1,10,-2),
(4,3,60,1,198,-2),
(4,3,60,1,259,-2),
(5,3,48,1,109,-2),
(5,3,48,1,116,-2),
(6,3,40,1,20,-2),
(6,3,40,1,250,-2),
(7,1,34,1,9,-2),
(7,1,34,1,48,-2),
(8,3,30,1,119,-2),
(8,3,30,1,241,-2),
(10,3,24,1,218,-2),
(10,3,24,1,232,-2),
(10,7,25,1,43,-2),
(10,7,25,1,134,-2),
(12,3,20,1,40,-2),
(12,3,20,1,223,-2),
(14,1,17,1,18,-2),
(14,1,17,1,96,-2),
(14,13,20,1,15,-2),
(14,13,20,1,109,-2),
(15,3,16,1,50,-2),
(15,3,16,1,71,-2),
(1,0,238,1,115,2),
(2,0,119,1,47,2),
(7,0,34,1,26,2),
(11,4,22,1,136,2),
(11,4,22,1,166,2),
(13,6,19,1,163,2),
(13,6,19,1,172,2),
(14,0,17,1,52,2),
(1,0,241,1,46,-5),
(2,2,121,1,158,-5),
(5,4,49,1,34,-5),
(5,4,49,1,209,-5),
(7,4,35,1,71,-5),
(7,4,35,1,103,-5),
(10,6,25,1,122,-5),
(10,6,25,1,188,-5),
(11,2,22,1,38,-5),
(11,2,22,1,113,-5),
(14,10,19,1,14,-5),
(14,10,19,1,175,-5),
(1,1,242,1,113,5),
(2,1,121,1,226,5),
(2,1,121,1,241,5),
(4,3,61,1,85,5),
(4,3,61,1,142,5),
(8,5,31,1,56,5),
(8,5,31,1,60,5),
(11,1,22,1,79,5),
(11,1,22,1,135,5),
(16,11,17,1,207,5),
(16,11,17,1,216,5),
(1,0,243,1,135,0),
(2,2,122,1,60,0),
(3,0,81,1,128,0),
(4,2,61,1,120,0),
(4,2,61,1,216,0),
(6,6,42,1,129,0),
(7,6,36,1,12,0),
(7,6,36,1,34,0),
(9,0,27,1,107,0),
(9,6,28,1,55,0),
(9,6,28,1,202,0),
(12,6,21,1,177,0),
(12,6,21,1,258,0),
(13,4,19,1,154,0),
(13,4,19,1,254,0),
(14,6,18,1,24,0),
(14,6,18,1,68,0),
(18,18,18,1,116,0),
(1,1,244,1,136,2),
(2,1,122,1,89,2),
(2,1,122,1,272,2),
(3,3,82,1,77,2),
(4,1,61,1,178,2),
(4,1,61,1,267,2),
(5,5,50,1,21,12),
(6,3,41,1,154,2),
(6,3,41,1,204,2),
(8,7,32,1,128,2),
(8,7,32,1,244,2),
(10,5,25,1,42,12),
(10,5,25,1,124,12),
(11,9,24,1,106,2),
(11,9,24,1,136,2),
(12,9,22,1,98,2),
(12,9,22,1,166,2),
(13,13,22,1,40,2),
(15,15,20,1,224,12),
(16,7,16,1,211,2),
(1,1,247,1,46,0),
(3,3,83,1,70,0),
(7,7,37,1,30,0),
(11,5,23,1,96,0),
(11,5,23,1,241,0),
(13,1,19,1,44,0),
(13,1,19,1,58,0),
(17,13,17,1,114,0),
(1,0,247,1,59,0),
(2,2,124,1,155,6),
(4,2,62,1,33,6),
(4,2,62,1,101,6),
(8,2,31,1,66,0),
(8,2,31,1,202,0),
(8,6,32,1,161,6),
(8,6,32,1,237,6),
(13,0,19,1,64,0),
(16,6,16,1,45,6),
(16,10,17,1,140,0),
(16,10,17,1,169,0),
(1,1,248,1,163,-1),
(2,1,124,1,49,-1),
(2,1,124,1,123,-1),
(4,1,62,1,98,-1),
(4,1,62,1,246,-1),
(5,3,50,1,233,-1),
(5,3,50,1,260,-1),
(8,1,31,1,196,-1),
(8,1,31,1,215,-1),
(10,3,25,1,189,-1),
(10,3,25,1,243,-1),
(10,7,26,1,159,-1),
(10,7,26,1,171,-1),
(13,7,20,1,179,-1),
(13,7,20,1,250,-1),
(16,15,19,1,57,-1),
(16,15,19,1,88,-1),
(1,0,248,1,45,-1),
(2,0,124,1,90,-3),
(3,2,83,1,41,-1),
(3,2,83,1,256,-1),
(4,0,62,1,97,-3),
(4,4,63,1,54,-1),
(6,4,42,1,64,-3),
(6,4,42,1,81,-3),
(7,4,36,1,167,-1),
(7,4,36,1,233,-1),
(8,0,31,1,83,-1),
(8,8,33,1,73,-1),
(9,4,28,1,96,-1),
(9,4,28,1,260,-1),
(11,8,24,1,135,-1),
(11,8,24,1,234,-1),
(12,4,21,1,128,-1),
(12,4,21,1,162,-1),
(12,8,22,1,79,-3),
(12,8,22,1,248,-3),
(13,10,21,1,207,-1),
(13,10,21,1,241,-1),
(14,4,18,1,57,-3),
(14,4,18,1,189,-3),
(1,1,249,1,210,2),
(3,1,83,1,76,2),
(3,1,83,1,211,2),
(5,5,51,1,213,2),
(9,7,29,1,88,2),
(9,7,29,1,141,2),
(15,5,17,1,85,2),
(15,5,17,1,208,2),
(1,0,249,1,36,-2),
(2,2,125,1,28,-2),
(3,0,83,1,108,-2),
(5,2,50,1,70,-2),
(5,2,50,1,74,-2),
(6,6,43,1,86,-2),
(10,2,25,1,140,-2),
(10,2,25,1,148,-2),
(11,4,23,1,116,-2),
(11,4,23,1,209,-2),
(15,12,19,1,9,-2),
(15,12,19,1,107,-2),
(1,0,250,1,76,0),
(2,0,125,1,125,0),
(5,0,50,1,103,0),
(7,6,37,1,199,0),
(7,6,37,1,265,0),
(10,0,25,1,71,0),
(11,10,25,1,95,0),
(11,10,25,1,237,0),
(13,12,22,1,93,0),
(13,12,22,1,259,0),
(14,8,19,1,23,0),
(14,8,19,1,239,0),
]
