minPoly='"x"'
eigenvalueTraces123=[1,-2,-1]
uptoDet2T=1000
message='Coefficients that are unknown are simply left off this list'
FourierCoefficients=[
(1,1,1,1,116,-3),
(1,0,1,1,60,-2),
(1,1,2,1,150,-1),
(1,0,3,1,107,-3),
(2,2,2,1,116,6),
(1,0,4,1,30,-5),
(2,0,2,1,60,6),
(1,1,5,1,52,-2),
(1,1,6,1,152,-5),
(2,1,3,1,27,-5),
(2,1,3,1,65,10),
(1,1,7,1,129,0),
(3,3,3,1,116,6),
(1,0,7,1,112,-9),
(2,2,4,1,150,4),
(1,0,9,1,20,8),
(2,2,5,1,130,-7),
(3,0,3,1,60,2),
(1,1,10,1,21,4),
(2,1,5,1,42,4),
(2,1,5,1,124,4),
(3,3,4,1,224,-11),
(1,0,10,1,103,-3),
(2,0,5,1,71,-3),
(1,1,12,1,105,3),
(2,1,6,1,113,3),
(2,1,6,1,210,-12),
(3,1,4,1,31,3),
(3,1,4,1,38,3),
(1,0,12,1,85,6),
(2,0,6,1,107,0),
(3,0,4,1,22,-9),
(4,4,4,1,116,3),
(1,0,13,1,74,-5),
(2,2,7,1,179,10),
(1,1,14,1,16,7),
(2,1,7,1,32,-8),
(2,1,7,1,47,7),
(4,3,4,1,82,-8),
(1,1,15,1,44,1),
(3,1,5,1,34,1),
(3,1,5,1,132,1),
(1,1,16,1,39,4),
(2,1,8,1,78,4),
(2,1,8,1,95,4),
(3,3,6,1,150,1),
(4,1,4,1,156,-11),
(1,0,16,1,15,-1),
(2,0,8,1,30,4),
(4,0,4,1,60,-4),
(4,4,5,1,7,-1),
(1,1,17,1,4,-8),
(1,1,18,1,234,-4),
(2,1,9,1,191,11),
(2,1,9,1,209,-4),
(3,1,6,1,148,-4),
(3,1,6,1,175,-4),
(4,3,5,1,99,-4),
(4,3,5,1,122,11),
(1,1,19,1,188,3),
(3,3,7,1,83,3),
(5,5,5,1,116,3),
(1,0,19,1,42,-7),
(2,2,10,1,52,4),
(4,2,5,1,104,-7),
(4,2,5,1,228,8),
(1,1,20,1,199,-9),
(2,1,10,1,121,6),
(2,1,10,1,239,6),
(4,1,5,1,201,6),
(4,1,5,1,242,-9),
(1,1,21,1,35,-8),
(3,1,7,1,105,7),
(3,1,7,1,251,7),
(1,0,21,1,52,4),
(2,2,11,1,74,4),
(3,0,7,1,121,4),
(5,4,5,1,169,-11),
(1,1,22,1,27,12),
(2,1,11,1,54,-18),
(2,1,11,1,97,-3),
(3,3,8,1,64,-3),
(4,3,6,1,145,-3),
(4,3,6,1,270,12),
(1,0,22,1,136,-1),
(2,0,11,1,5,-1),
(1,1,23,1,40,-8),
(5,3,5,1,73,7),
(1,0,23,1,17,0),
(2,2,12,1,152,5),
(3,2,8,1,118,0),
(3,2,8,1,228,0),
(4,2,6,1,27,5),
(4,2,6,1,65,-10),
(1,0,25,1,12,1),
(2,2,13,1,23,1),
(5,0,5,1,60,6),
(1,0,27,1,128,0),
(2,2,14,1,129,0),
(3,0,9,1,107,6),
(4,2,7,1,177,0),
(4,2,7,1,258,0),
(6,6,6,1,116,-12),
(1,0,28,1,56,2),
(2,0,14,1,112,14),
(4,0,7,1,53,-13),
(4,4,8,1,150,-5),
(1,0,29,1,70,8),
(2,2,15,1,6,-7),
(3,2,10,1,9,-7),
(3,2,10,1,157,-7),
(5,2,6,1,15,8),
(5,2,6,1,77,8),
(1,0,30,1,61,7),
(2,0,15,1,122,-8),
(3,0,10,1,94,7),
(5,0,6,1,28,-8),
(1,1,31,1,137,-8),
(3,3,11,1,67,7),
(1,1,33,1,5,-5),
(3,1,11,1,15,-5),
(3,1,11,1,136,-5),
(5,3,7,1,63,10),
(5,3,7,1,174,-5),
(1,0,34,1,67,6),
(2,0,17,1,134,-9),
(5,2,7,1,167,6),
(5,2,7,1,268,-9),
(1,0,36,1,10,5),
(2,0,18,1,20,-9),
(3,0,12,1,30,5),
(4,0,9,1,40,5),
(4,4,10,1,130,6),
(5,4,8,1,24,-10),
(5,4,8,1,114,5),
(6,0,6,1,60,-6),
(1,1,37,1,37,-6),
(3,3,13,1,20,9),
(7,7,7,1,116,3),
(1,1,39,1,82,5),
(3,1,13,1,244,-10),
(3,1,13,1,246,5),
(5,5,9,1,106,-10),
(1,0,39,1,25,6),
(2,2,20,1,21,-16),
(3,0,13,1,75,-9),
(4,2,10,1,42,-1),
(4,2,10,1,124,-1),
(5,2,8,1,155,6),
(5,2,8,1,191,6),
(6,6,8,1,224,14),
(1,0,40,1,87,0),
(2,0,20,1,103,9),
(4,0,10,1,71,9),
(4,4,11,1,14,-15),
(5,0,8,1,119,0),
(7,6,7,1,96,-15),
(1,0,41,1,113,5),
(2,2,21,1,181,-10),
(3,2,14,1,133,5),
(3,2,14,1,223,-10),
(5,4,9,1,39,5),
(5,4,9,1,176,-10),
(6,2,7,1,169,5),
(6,2,7,1,266,5),
(1,1,43,1,72,8),
(3,3,15,1,52,2),
(5,3,9,1,179,-7),
(5,3,9,1,190,-7),
(7,5,7,1,165,8),
(1,1,44,1,161,21),
(2,1,22,1,45,-9),
(2,1,22,1,169,-9),
(4,1,11,1,61,-9),
(4,1,11,1,90,-9),
(5,5,10,1,150,1),
(7,7,8,1,158,21),
(1,1,47,1,58,4),
(7,3,7,1,6,4),
(1,0,47,1,89,-3),
(2,2,24,1,105,3),
(3,2,16,1,19,12),
(3,2,16,1,154,-3),
(4,2,12,1,113,-12),
(4,2,12,1,210,18),
(6,2,8,1,31,3),
(6,2,8,1,38,-12),
(7,6,8,1,100,12),
(7,6,8,1,107,-18),
(1,1,48,1,12,-1),
(2,1,24,1,24,-1),
(2,1,24,1,126,-1),
(3,1,16,1,36,-16),
(3,1,16,1,189,-1),
(4,1,12,1,48,14),
(4,1,12,1,252,-1),
(5,3,10,1,53,-16),
(5,3,10,1,196,14),
(6,1,8,1,72,14),
(6,1,8,1,101,-16),
(6,5,9,1,28,-1),
(6,5,9,1,33,14),
(1,0,48,1,96,6),
(2,0,24,1,85,-12),
(3,0,16,1,11,-9),
(4,0,12,1,107,6),
(4,4,13,1,56,6),
(6,0,8,1,22,18),
(7,2,7,1,25,-9),
(8,8,8,1,116,-18),
(1,0,49,1,31,-3),
(2,2,25,1,50,12),
(5,2,10,1,41,-3),
(5,2,10,1,125,-3),
(7,0,7,1,60,-2),
(1,1,51,1,45,14),
(3,1,17,1,135,-1),
(3,1,17,1,256,-16),
(7,7,9,1,70,14),
(1,1,52,1,26,15),
(2,1,26,1,52,-15),
(2,1,26,1,193,0),
(3,3,18,1,152,0),
(4,1,13,1,104,15),
(4,1,13,1,109,-15),
(6,3,9,1,27,0),
(6,3,9,1,65,0),
(8,7,8,1,134,0),
(1,0,52,1,37,10),
(2,0,26,1,74,0),
(4,0,13,1,129,-5),
(4,4,14,1,179,-15),
(7,4,8,1,171,10),
(7,4,8,1,244,10),
(1,1,53,1,177,-6),
(5,3,11,1,198,-6),
(5,3,11,1,255,9),
(1,1,54,1,165,17),
(2,1,27,1,53,-13),
(2,1,27,1,265,-13),
(3,1,18,1,218,2),
(3,1,18,1,259,2),
(4,3,14,1,23,-13),
(4,3,14,1,234,2),
(5,5,12,1,19,2),
(6,1,9,1,159,-13),
(6,1,9,1,241,2),
(6,5,10,1,189,2),
(6,5,10,1,226,2),
(7,3,8,1,248,2),
(7,3,8,1,271,17),
(1,0,55,1,124,3),
(2,2,28,1,16,-13),
(4,2,14,1,32,17),
(4,2,14,1,47,-13),
(5,0,11,1,66,-12),
(7,2,8,1,13,-12),
(7,2,8,1,56,3),
(8,6,8,1,82,17),
(1,0,57,1,119,15),
(2,2,29,1,167,0),
(3,0,19,1,80,-15),
(6,6,11,1,12,0),
(1,0,59,1,13,-4),
(2,2,30,1,44,-2),
(3,2,20,1,17,11),
(3,2,20,1,66,-4),
(4,2,15,1,88,-4),
(4,2,15,1,115,11),
(5,2,12,1,110,-4),
(5,2,12,1,213,-4),
(6,2,10,1,34,-2),
(6,2,10,1,132,-2),
(7,4,9,1,85,-4),
(7,4,9,1,130,11),
(1,1,61,1,60,9),
(3,3,21,1,129,-6),
(7,3,9,1,24,-6),
(7,3,9,1,68,9),
(9,9,9,1,116,-3),
(1,1,62,1,155,0),
(2,1,31,1,33,15),
(2,1,31,1,101,-15),
(4,3,16,1,161,-15),
(4,3,16,1,237,0),
(8,3,8,1,45,15),
(1,0,62,1,90,-14),
(2,0,31,1,97,16),
(3,2,21,1,64,16),
(3,2,21,1,81,1),
(6,4,11,1,79,-14),
(6,4,11,1,248,1),
(7,2,9,1,57,1),
(7,2,9,1,189,1),
(1,0,63,1,55,6),
(2,2,32,1,39,-16),
(3,0,21,1,112,9),
(4,2,16,1,78,-1),
(4,2,16,1,95,-1),
(6,6,12,1,150,-4),
(7,0,9,1,108,-9),
(8,2,8,1,156,14),
(8,6,9,1,200,6),
(8,6,9,1,261,6),
(1,1,64,1,11,-2),
(2,1,32,1,22,13),
(2,1,32,1,229,-17),
(3,3,22,1,119,-2),
(4,1,16,1,44,-2),
(4,1,16,1,181,13),
(5,5,14,1,88,-2),
(6,3,11,1,215,13),
(6,3,11,1,238,-17),
(7,5,10,1,181,13),
(7,5,10,1,234,-2),
(8,1,8,1,85,-2),
(1,0,64,1,131,0),
(2,0,32,1,15,-2),
(4,0,16,1,30,8),
(4,4,17,1,77,0),
(5,2,13,1,186,0),
(5,2,13,1,240,0),
(8,0,8,1,60,-8),
(8,8,10,1,7,-2),
(1,0,66,1,16,-10),
(2,0,33,1,32,5),
(3,0,22,1,48,5),
(5,4,14,1,194,5),
(5,4,14,1,241,5),
(6,0,11,1,96,5),
(7,4,10,1,5,-10),
(7,4,10,1,50,5),
(1,1,67,1,99,-1),
(3,3,23,1,121,-1),
(1,0,67,1,93,-28),
(2,2,34,1,4,16),
(4,2,17,1,8,2),
(4,2,17,1,220,2),
(1,0,69,1,2,9),
(2,2,35,1,91,-6),
(3,0,23,1,6,9),
(5,2,14,1,89,9),
(5,2,14,1,267,9),
(6,6,13,1,53,-6),
(7,2,10,1,180,-6),
(7,2,10,1,263,-6),
(1,0,70,1,63,7),
(2,0,35,1,126,7),
(5,0,14,1,38,-8),
(7,0,10,1,113,-8),
(1,0,71,1,53,9),
(2,2,36,1,234,1),
(3,2,24,1,74,-6),
(3,2,24,1,226,-6),
(4,2,18,1,191,-14),
(4,2,18,1,209,1),
(5,4,15,1,26,9),
(5,4,15,1,103,-6),
(6,2,12,1,148,16),
(6,2,12,1,175,1),
(8,2,9,1,105,9),
(8,2,9,1,141,9),
(8,6,10,1,99,1),
(8,6,10,1,122,-14),
(1,1,72,1,14,5),
(2,1,36,1,28,-10),
(2,1,36,1,72,5),
(3,1,24,1,42,-10),
(3,1,24,1,108,-10),
(4,1,18,1,56,5),
(4,1,18,1,144,-10),
(6,1,12,1,84,20),
(6,1,12,1,216,-10),
(6,5,13,1,114,5),
(6,5,13,1,120,20),
(7,7,12,1,8,-10),
(8,1,9,1,11,-10),
(8,1,9,1,112,5),
(1,0,74,1,84,-2),
(2,0,37,1,109,-2),
(3,2,25,1,27,13),
(3,2,25,1,261,-2),
(5,2,15,1,45,13),
(5,2,15,1,158,-2),
(6,4,13,1,97,-2),
(6,4,13,1,201,-2),
(9,8,10,1,178,-2),
(9,8,10,1,209,-2),
(1,1,75,1,89,-1),
(3,1,25,1,154,-1),
(3,1,25,1,267,-1),
(5,1,15,1,72,-1),
(5,1,15,1,168,-1),
(7,3,11,1,224,-1),
(7,3,11,1,229,-1),
(9,5,9,1,89,-1),
(1,0,75,1,34,3),
(2,2,38,1,188,-6),
(3,0,25,1,102,3),
(4,2,19,1,99,3),
(4,2,19,1,105,3),
(5,0,15,1,107,3),
(6,6,14,1,83,-6),
(7,6,12,1,143,3),
(7,6,12,1,272,3),
(10,10,10,1,116,-6),
(1,0,76,1,21,-6),
(2,0,38,1,42,10),
(4,0,19,1,84,-6),
(4,4,20,1,52,2),
(5,4,16,1,4,-6),
(5,4,16,1,65,9),
(7,2,11,1,145,9),
(7,2,11,1,157,-6),
(8,4,10,1,104,10),
(8,4,10,1,228,-20),
(1,1,77,1,118,-7),
(7,1,11,1,156,8),
(7,1,11,1,272,-7),
(1,1,78,1,218,-1),
(2,1,39,1,159,-1),
(2,1,39,1,189,14),
(3,1,26,1,100,14),
(3,1,26,1,145,14),
(4,3,20,1,33,-16),
(4,3,20,1,230,-1),
(5,3,16,1,149,14),
(5,3,16,1,249,14),
(6,1,13,1,13,-1),
(6,1,13,1,200,-1),
(6,5,14,1,146,-16),
(6,5,14,1,190,-16),
(7,5,12,1,37,-1),
(7,5,12,1,78,14),
(8,3,10,1,66,-1),
(8,3,10,1,183,-1),
(9,7,10,1,72,-16),
(9,7,10,1,232,-16),
(1,0,79,1,50,-6),
(2,2,40,1,199,6),
(4,2,20,1,121,6),
(4,2,20,1,239,-9),
(5,2,16,1,82,9),
(5,2,16,1,91,-6),
(8,2,10,1,201,-9),
(8,2,10,1,242,6),
(8,6,11,1,107,-6),
(8,6,11,1,245,9),
(1,0,81,1,99,-4),
(2,2,41,1,128,-4),
(3,0,27,1,20,-10),
(5,4,17,1,17,11),
(5,4,17,1,162,11),
(6,6,15,1,130,5),
(9,0,9,1,60,2),
(9,6,10,1,26,-4),
(9,6,10,1,195,-4),
(1,0,83,1,29,-13),
(2,2,42,1,35,16),
(3,2,28,1,191,17),
(3,2,28,1,264,2),
(4,2,21,1,70,-13),
(4,2,21,1,75,2),
(6,2,14,1,105,-14),
(6,2,14,1,251,-14),
(7,2,12,1,62,2),
(7,2,12,1,261,2),
(9,8,11,1,17,2),
(9,8,11,1,83,17),
(1,0,84,1,26,10),
(2,0,42,1,52,-12),
(3,0,28,1,78,-5),
(4,0,21,1,104,10),
(4,4,22,1,74,-12),
(5,2,17,1,67,-20),
(5,2,17,1,161,-5),
(6,0,14,1,121,3),
(7,0,12,1,95,-5),
(8,4,11,1,148,-5),
(8,4,11,1,179,25),
(10,8,10,1,169,18),
(1,1,85,1,54,-7),
(3,3,29,1,90,8),
(5,1,17,1,121,-7),
(5,1,17,1,270,8),
(7,5,13,1,12,-7),
(7,5,13,1,222,-7),
(1,0,85,1,110,7),
(2,2,43,1,8,-8),
(5,0,17,1,4,7),
(10,10,11,1,182,-8),
(1,1,86,1,47,-8),
(2,1,43,1,94,7),
(2,1,43,1,125,-8),
(4,3,22,1,20,22),
(4,3,22,1,68,7),
(7,7,14,1,150,0),
(8,3,11,1,40,-8),
(8,3,11,1,136,-8),
(1,0,86,1,91,3),
(2,0,43,1,95,-12),
(3,2,29,1,117,3),
(3,2,29,1,265,3),
(5,4,18,1,250,3),
(5,4,18,1,273,3),
(6,4,15,1,23,3),
(6,4,15,1,106,3),
(9,4,10,1,159,3),
(9,4,10,1,173,-12),
(1,1,87,1,24,-3),
(3,1,29,1,72,12),
(3,1,29,1,119,-3),
(9,7,11,1,112,12),
(9,7,11,1,114,-3),
(1,0,87,1,106,3),
(2,2,44,1,27,-3),
(3,0,29,1,41,-12),
(4,2,22,1,54,12),
(4,2,22,1,97,-3),
(6,6,16,1,64,-3),
(7,4,13,1,70,3),
(7,4,13,1,228,3),
(8,2,11,1,108,-12),
(8,2,11,1,194,-12),
(8,6,12,1,145,12),
(8,6,12,1,270,-3),
(1,1,88,1,18,-5),
(2,1,44,1,36,-5),
(2,1,44,1,71,10),
(3,3,30,1,21,7),
(4,1,22,1,72,10),
(4,1,22,1,142,-5),
(5,3,18,1,11,-5),
(5,3,18,1,35,-5),
(6,3,15,1,42,-8),
(6,3,15,1,124,-8),
(8,1,11,1,7,10),
(8,1,11,1,144,-5),
(9,3,10,1,63,-5),
(9,3,10,1,186,-5),
(9,9,12,1,224,7),
(10,7,10,1,75,10),
(1,0,88,1,68,-10),
(2,0,44,1,136,3),
(4,0,22,1,5,3),
(4,4,23,1,89,5),
(8,0,11,1,10,5),
(8,8,13,1,136,-10),
(1,0,89,1,100,10),
(2,2,45,1,190,-5),
(3,2,30,1,8,-5),
(3,2,30,1,232,-5),
(5,2,18,1,198,10),
(5,2,18,1,202,-20),
(6,2,15,1,16,10),
(6,2,15,1,187,-5),
(7,6,14,1,17,10),
(7,6,14,1,220,-5),
(9,2,10,1,24,10),
(9,2,10,1,142,-5),
(1,0,90,1,58,-3),
(2,0,45,1,116,12),
(3,0,30,1,103,3),
(5,0,18,1,13,-3),
(6,0,15,1,71,3),
(7,2,13,1,195,-3),
(7,2,13,1,231,-3),
(9,0,10,1,32,-3),
(9,6,11,1,21,-3),
(9,6,11,1,54,12),
(1,1,91,1,78,9),
(3,3,31,1,182,-6),
(7,1,13,1,221,9),
(7,1,13,1,269,-6),
(11,11,11,1,116,6),
(1,0,91,1,65,-13),
(2,2,46,1,40,16),
(4,2,23,1,80,2),
(4,2,23,1,221,-13),
(5,4,19,1,180,2),
(5,4,19,1,228,17),
(7,0,13,1,99,2),
(10,6,10,1,73,-14),
(1,1,92,1,66,-2),
(2,1,46,1,132,-2),
(2,1,46,1,151,-2),
(4,1,23,1,25,-2),
(4,1,23,1,264,-2),
(7,5,14,1,117,-32),
(7,5,14,1,219,13),
(8,7,13,1,44,13),
(8,7,13,1,62,-2),
(1,0,92,1,130,-5),
(2,0,46,1,17,-5),
(3,2,31,1,52,-5),
(3,2,31,1,216,10),
(4,0,23,1,34,10),
(4,4,24,1,152,5),
(6,4,16,1,118,-5),
(6,4,16,1,228,10),
(8,4,12,1,27,5),
(8,4,12,1,65,-10),
(9,8,12,1,73,-5),
(9,8,12,1,111,-5),
(1,1,95,1,64,-3),
(5,1,19,1,43,12),
(5,1,19,1,59,12),
(1,1,96,1,67,-12),
(2,1,48,1,134,-12),
(2,1,48,1,218,3),
(3,1,32,1,50,18),
(3,1,32,1,201,18),
(4,1,24,1,159,18),
(4,1,24,1,268,18),
(6,1,16,1,100,-12),
(6,1,16,1,125,-12),
(6,5,17,1,94,3),
(6,5,17,1,199,-12),
(7,3,14,1,123,-12),
(7,3,14,1,134,18),
(8,1,12,1,41,-12),
(8,1,12,1,259,3),
(9,7,12,1,51,3),
(9,7,12,1,110,-12),
(1,1,100,1,121,-4),
(2,1,50,1,107,-4),
(2,1,50,1,242,11),
(3,3,34,1,84,-4),
(4,1,25,1,207,-4),
(4,1,25,1,214,11),
(5,1,20,1,51,-4),
(5,1,20,1,129,-19),
(6,3,17,1,168,-4),
(6,3,17,1,174,-4),
(7,7,16,1,213,11),
(8,7,14,1,6,-4),
(8,7,14,1,132,-4),
(10,1,10,1,102,11),
(10,9,12,1,30,-4),
(10,9,12,1,177,11),
(1,0,100,1,6,10),
(2,0,50,1,12,-3),
(4,0,25,1,24,-5),
(4,4,26,1,23,-3),
(5,0,20,1,30,15),
(8,4,13,1,46,10),
(8,4,13,1,252,-5),
(10,0,10,1,60,-18),
(1,1,102,1,90,-15),
(2,1,51,1,135,30),
(2,1,51,1,180,0),
(3,1,34,1,64,0),
(3,1,34,1,270,0),
(4,3,26,1,73,0),
(4,3,26,1,108,-15),
(6,1,17,1,128,0),
(6,1,17,1,263,0),
(6,5,18,1,79,-15),
(6,5,18,1,90,0),
(8,3,13,1,146,0),
(8,3,13,1,216,-15),
(9,5,12,1,135,30),
(9,5,12,1,257,0),
(11,11,12,1,49,0),
(1,0,102,1,41,-14),
(2,0,51,1,82,1),
(3,0,34,1,123,-14),
(6,0,17,1,31,1),
(1,1,106,1,101,-3),
(2,1,53,1,202,-18),
(2,1,53,1,237,12),
(3,3,36,1,105,-9),
(4,3,27,1,140,-3),
(4,3,27,1,260,12),
(6,3,18,1,113,6),
(6,3,18,1,210,6),
(7,5,16,1,115,12),
(7,5,16,1,179,12),
(8,5,14,1,165,-18),
(8,5,14,1,171,-3),
(9,3,12,1,31,-9),
(9,3,12,1,38,6),
(9,9,14,1,244,-3),
(1,0,106,1,9,-6),
(2,0,53,1,18,-6),
(5,4,22,1,144,9),
(5,4,22,1,158,-6),
(10,4,11,1,11,9),
(10,4,11,1,39,-6),
(1,1,108,1,73,-8),
(2,1,54,1,13,7),
(2,1,54,1,146,7),
(3,1,36,1,158,-8),
(3,1,36,1,219,7),
(4,1,27,1,15,-8),
(4,1,27,1,26,7),
(5,3,22,1,120,-8),
(5,3,22,1,245,-8),
(6,1,18,1,39,7),
(6,1,18,1,161,-23),
(6,5,19,1,66,7),
(6,5,19,1,167,7),
(8,7,15,1,102,7),
(8,7,15,1,193,-8),
(9,1,12,1,103,-8),
(9,1,12,1,197,7),
(10,3,11,1,213,7),
(10,3,11,1,240,7),
(10,7,12,1,172,7),
(10,7,12,1,266,-8),
(1,0,108,1,64,-15),
(2,0,54,1,128,0),
(3,0,36,1,85,3),
(4,0,27,1,21,15),
(4,4,28,1,129,0),
(6,0,18,1,107,0),
(7,4,16,1,18,0),
(7,4,16,1,51,0),
(8,4,14,1,177,0),
(8,4,14,1,258,0),
(9,0,12,1,22,3),
(9,6,13,1,84,0),
(9,6,13,1,86,0),
(12,12,12,1,116,-6),
(1,0,112,1,28,8),
(2,0,56,1,56,-18),
(4,0,28,1,112,6),
(4,4,29,1,3,8),
(7,0,16,1,81,-7),
(8,0,14,1,53,12),
(8,8,16,1,150,-2),
(11,6,11,1,33,-7),
(1,0,113,1,66,-7),
(2,2,57,1,151,-7),
(3,2,38,1,14,8),
(3,2,38,1,88,-7),
(6,2,19,1,28,-7),
(6,2,19,1,176,8),
(9,4,13,1,108,8),
(9,4,13,1,190,-22),
(1,1,116,1,143,-25),
(2,1,58,1,9,5),
(2,1,58,1,225,35),
(4,1,29,1,18,5),
(4,1,29,1,173,-25),
(8,7,16,1,71,5),
(8,7,16,1,119,5),
(1,0,116,1,35,5),
(2,0,58,1,70,-9),
(3,2,39,1,168,5),
(3,2,39,1,251,-10),
(4,0,29,1,137,5),
(4,4,30,1,6,6),
(5,4,24,1,146,5),
(5,4,24,1,177,5),
(6,4,20,1,9,6),
(6,4,20,1,157,6),
(8,4,15,1,12,-10),
(8,4,15,1,117,5),
(9,2,13,1,199,5),
(9,2,13,1,227,5),
(10,4,12,1,15,-9),
(10,4,12,1,77,-9),
(11,8,12,1,61,5),
(11,8,12,1,123,-10),
(1,1,117,1,164,-11),
(3,1,39,1,133,4),
(3,1,39,1,215,4),
(7,3,17,1,151,4),
(7,3,17,1,191,4),
(9,1,13,1,91,-11),
(9,1,13,1,122,4),
(1,0,117,1,117,-10),
(2,2,59,1,106,5),
(3,0,39,1,74,5),
(6,6,21,1,179,-10),
(7,6,18,1,114,-10),
(7,6,18,1,255,-10),
(9,0,13,1,55,-10),
(9,6,14,1,107,5),
(9,6,14,1,130,20),
(11,4,11,1,90,5),
(1,1,118,1,239,-19),
(2,1,59,1,201,-4),
(2,1,59,1,245,26),
(3,3,40,1,61,11),
(4,3,30,1,94,11),
(4,3,30,1,266,11),
(5,3,24,1,194,26),
(5,3,24,1,256,11),
(6,3,20,1,122,-4),
(6,3,20,1,141,-4),
(8,3,15,1,188,-4),
(8,3,15,1,255,-34),
(10,3,12,1,111,-19),
(10,3,12,1,235,-4),
(10,7,13,1,25,11),
(10,7,13,1,81,-4),
(1,1,119,1,10,1),
(5,5,25,1,52,6),
(7,1,17,1,44,1),
(7,1,17,1,70,1),
(11,3,11,1,219,1),
(1,1,120,1,70,8),
(2,1,60,1,140,-7),
(2,1,60,1,197,-7),
(3,1,40,1,157,8),
(3,1,40,1,210,-7),
(4,1,30,1,3,8),
(4,1,30,1,117,-7),
(5,1,24,1,73,-7),
(5,1,24,1,77,-7),
(6,1,20,1,37,-7),
(6,1,20,1,143,-7),
(6,5,21,1,233,23),
(6,5,21,1,268,-7),
(7,5,18,1,41,-7),
(7,5,18,1,128,-7),
(8,1,15,1,6,-7),
(8,1,15,1,234,23),
(9,5,14,1,125,-7),
(9,5,14,1,211,8),
(10,1,12,1,146,8),
(10,1,12,1,154,8),
(10,9,14,1,13,8),
(10,9,14,1,204,8),
(11,7,12,1,215,-7),
(11,7,12,1,223,-7),
(1,0,120,1,108,10),
(2,0,60,1,61,-6),
(3,0,40,1,47,-5),
(4,0,30,1,122,9),
(4,4,31,1,118,-5),
(5,0,24,1,14,-20),
(6,0,20,1,94,-6),
(8,0,15,1,33,10),
(8,8,17,1,101,-20),
(10,0,12,1,28,9),
(11,2,11,1,106,10),
(12,12,13,1,68,10),
(1,1,121,1,213,5),
(3,3,41,1,101,-10),
(7,7,19,1,190,-10),
(11,1,11,1,24,5),
(1,0,121,1,81,-4),
(2,2,61,1,88,11),
(5,4,25,1,40,11),
(5,4,25,1,259,-4),
(10,6,13,1,221,-4),
(10,6,13,1,226,-4),
(11,0,11,1,60,4),
(1,1,122,1,140,8),
(2,1,61,1,3,-7),
(2,1,61,1,165,8),
(4,3,31,1,137,8),
(4,3,31,1,265,-7),
(8,5,16,1,23,-7),
(8,5,16,1,271,8),
(1,0,122,1,19,-15),
(2,0,61,1,38,15),
(3,2,41,1,11,0),
(3,2,41,1,43,0),
(6,4,21,1,61,0),
(6,4,21,1,229,0),
(7,4,18,1,25,0),
(7,4,18,1,221,-15),
(9,4,14,1,205,0),
(9,4,14,1,230,15),
(1,1,123,1,22,4),
(3,1,41,1,66,4),
(3,1,41,1,238,4),
(5,3,25,1,213,4),
(5,3,25,1,219,-11),
(9,7,15,1,4,4),
(9,7,15,1,14,4),
(11,9,13,1,80,-11),
(11,9,13,1,175,4),
(1,0,123,1,3,2),
(2,2,62,1,137,16),
(3,0,41,1,9,17),
(4,2,31,1,271,-28),
(4,2,31,1,274,2),
(6,6,22,1,67,-14),
(11,6,12,1,169,-13),
(11,6,12,1,246,17),
(1,1,124,1,30,-13),
(2,1,62,1,7,2),
(2,1,62,1,60,17),
(3,3,42,1,16,-7),
(4,1,31,1,14,2),
(4,1,31,1,120,2),
(5,5,26,1,143,2),
(6,3,21,1,32,8),
(6,3,21,1,47,-7),
(7,3,18,1,101,2),
(7,3,18,1,222,-13),
(8,7,17,1,72,2),
(8,7,17,1,172,2),
(9,3,14,1,48,2),
(9,3,14,1,209,17),
(9,9,16,1,163,-13),
(10,5,13,1,9,2),
(10,5,13,1,225,-13),
(11,11,14,1,90,2),
(12,9,12,1,82,8),
(1,1,125,1,95,-2),
(5,1,25,1,198,-2),
(5,1,25,1,223,-2),
(1,1,127,1,49,6),
(3,3,43,1,158,6),
(7,5,19,1,65,-9),
(7,5,19,1,168,6),
(13,13,13,1,116,-3),
(1,1,129,1,32,11),
(3,1,43,1,96,-4),
(3,1,43,1,123,11),
(5,5,27,1,81,-4),
(9,5,15,1,35,-4),
(9,5,15,1,57,-4),
(1,0,130,1,7,-19),
(2,0,65,1,14,26),
(5,0,26,1,35,26),
(10,0,13,1,70,-19),
(1,0,131,1,118,5),
(2,2,66,1,5,10),
(3,2,44,1,68,-10),
(3,2,44,1,146,-10),
(4,2,33,1,10,-10),
(4,2,33,1,183,-10),
(5,4,27,1,80,-10),
(5,4,27,1,84,-10),
(6,2,22,1,15,10),
(6,2,22,1,136,10),
(7,6,20,1,11,20),
(7,6,20,1,238,-10),
(9,4,15,1,144,20),
(9,4,15,1,262,5),
(10,6,14,1,63,-20),
(10,6,14,1,174,10),
(11,2,12,1,157,-10),
(11,2,12,1,166,5),
(12,10,13,1,89,-10),
(12,10,13,1,102,5),
(1,1,132,1,34,7),
(2,1,66,1,68,7),
(2,1,66,1,188,-8),
(3,1,44,1,5,-23),
(3,1,44,1,102,7),
(4,1,33,1,99,7),
(4,1,33,1,136,-23),
(6,1,22,1,10,7),
(6,1,22,1,204,-8),
(6,5,23,1,154,-8),
(6,5,23,1,183,7),
(8,7,18,1,89,7),
(8,7,18,1,203,-8),
(9,7,16,1,204,-8),
(9,7,16,1,263,22),
(11,1,12,1,97,22),
(11,1,12,1,203,-8),
(12,7,12,1,166,7),
(1,1,133,1,33,-6),
(3,3,45,1,44,-3),
(5,3,27,1,142,-6),
(5,3,27,1,258,9),
(7,1,19,1,148,9),
(7,1,19,1,231,-6),
(9,3,15,1,34,-3),
(9,3,15,1,132,-3),
(9,9,17,1,95,9),
(1,0,133,1,23,30),
(2,2,67,1,149,-15),
(7,0,19,1,116,0),
(13,12,13,1,107,15),
(1,1,134,1,97,6),
(2,1,67,1,145,-9),
(2,1,67,1,194,6),
(4,3,34,1,25,-9),
(4,3,34,1,146,6),
(5,5,28,1,60,-9),
(7,5,20,1,84,21),
(7,5,20,1,262,-24),
(8,3,17,1,15,6),
(8,3,17,1,50,6),
(10,5,14,1,120,21),
(10,5,14,1,216,-9),
(11,9,14,1,18,6),
(11,9,14,1,199,-24),
(1,0,136,1,105,0),
(2,0,68,1,67,-3),
(4,0,34,1,134,12),
(4,4,35,1,218,0),
(5,4,28,1,134,-15),
(5,4,28,1,222,0),
(7,4,20,1,200,0),
(7,4,20,1,243,0),
(8,0,17,1,9,-15),
(8,8,19,1,37,0),
(10,4,14,1,167,-3),
(10,4,14,1,268,12),
(1,1,137,1,17,-2),
(11,5,13,1,55,-2),
(11,5,13,1,179,13),
(1,1,138,1,131,-1),
(2,1,69,1,19,-16),
(2,1,69,1,262,-1),
(3,1,46,1,116,-1),
(3,1,46,1,167,-1),
(4,3,35,1,77,-1),
(4,3,35,1,192,29),
(5,3,28,1,27,14),
(5,3,28,1,240,-1),
(6,1,23,1,57,14),
(6,1,23,1,232,14),
(6,5,24,1,43,-1),
(6,5,24,1,153,14),
(7,3,20,1,59,-1),
(7,3,20,1,204,-16),
(8,5,18,1,204,14),
(8,5,18,1,242,-16),
(9,5,16,1,91,-1),
(9,5,16,1,203,-16),
(10,3,14,1,54,-1),
(10,3,14,1,203,14),
(10,7,15,1,97,-1),
(10,7,15,1,198,-1),
(12,5,12,1,29,-16),
(12,11,14,1,84,-16),
(12,11,14,1,212,-1),
(1,1,139,1,59,4),
(3,3,47,1,73,-11),
(5,5,29,1,149,-11),
(13,11,13,1,183,4),
(1,1,141,1,130,-9),
(3,1,47,1,52,6),
(3,1,47,1,113,6),
(7,5,21,1,235,6),
(7,5,21,1,266,-9),
(9,7,17,1,111,-9),
(9,7,17,1,133,-9),
(11,3,13,1,124,6),
(11,3,13,1,238,6),
(1,0,141,1,71,17),
(2,2,71,1,175,-13),
(3,0,47,1,64,-13),
(5,4,29,1,75,2),
(5,4,29,1,135,2),
(6,6,25,1,79,17),
(10,6,15,1,108,2),
(10,6,15,1,224,2),
(1,1,142,1,179,-2),
(2,1,71,1,81,-2),
(2,1,71,1,235,-17),
(3,3,48,1,39,-5),
(4,3,36,1,52,28),
(4,3,36,1,248,-2),
(6,3,24,1,78,-5),
(6,3,24,1,95,-5),
(7,7,22,1,28,-2),
(8,3,18,1,104,-17),
(8,3,18,1,219,13),
(9,3,16,1,4,-2),
(9,3,16,1,117,-2),
(9,9,18,1,150,1),
(11,7,14,1,44,13),
(11,7,14,1,94,-2),
(12,3,12,1,156,10),
(1,1,144,1,74,0),
(2,1,72,1,148,15),
(2,1,72,1,179,-15),
(3,1,48,1,130,-15),
(3,1,48,1,222,0),
(4,1,36,1,19,0),
(4,1,36,1,81,0),
(5,5,30,1,152,5),
(6,1,24,1,167,-15),
(6,1,24,1,260,15),
(6,5,25,1,39,15),
(6,5,25,1,127,0),
(8,1,18,1,38,0),
(8,1,18,1,162,15),
(9,1,16,1,112,-15),
(9,1,16,1,113,0),
(10,5,15,1,27,5),
(10,5,15,1,65,-10),
(12,1,12,1,57,0),
(12,7,13,1,11,0),
(12,7,13,1,95,0),
(1,0,144,1,5,4),
(2,0,72,1,10,-1),
(3,0,48,1,15,1),
(4,0,36,1,20,-14),
(4,4,37,1,244,4),
(5,2,29,1,42,4),
(5,2,29,1,63,-11),
(6,0,24,1,30,-4),
(8,0,18,1,40,-1),
(8,8,20,1,130,16),
(9,0,16,1,45,4),
(9,6,17,1,153,4),
(9,6,17,1,254,-11),
(10,8,16,1,24,14),
(10,8,16,1,114,-16),
(12,0,12,1,60,4),
(12,12,15,1,7,1),
(13,10,13,1,55,4),
(1,1,145,1,23,7),
(3,3,49,1,28,-8),
(5,1,29,1,76,-8),
(5,1,29,1,115,-8),
(7,3,21,1,106,-8),
(7,3,21,1,250,-8),
(11,9,15,1,239,7),
(11,9,15,1,259,7),
(1,1,146,1,6,-30),
(2,1,73,1,12,15),
(2,1,73,1,117,30),
(4,3,37,1,106,-15),
(4,3,37,1,126,15),
(8,5,19,1,46,-30),
(8,5,19,1,187,-15),
(11,11,16,1,118,30),
(1,0,146,1,122,-9),
(2,0,73,1,33,6),
(3,2,49,1,13,6),
(3,2,49,1,247,-9),
(5,4,30,1,71,6),
(5,4,30,1,132,21),
(6,4,25,1,103,6),
(6,4,25,1,196,-9),
(7,2,21,1,207,-9),
(7,2,21,1,215,6),
(9,8,18,1,66,-9),
(9,8,18,1,149,21),
(10,4,15,1,142,-9),
(10,4,15,1,264,-9),
(13,12,14,1,231,6),
(13,12,14,1,243,-9),
(1,0,147,1,134,-6),
(2,2,74,1,37,12),
(3,0,49,1,125,24),
(4,2,37,1,74,-6),
(4,2,37,1,173,-6),
(6,6,26,1,20,-18),
(7,0,21,1,107,3),
(12,6,13,1,40,24),
(12,6,13,1,130,-21),
(14,14,14,1,116,-6),
(1,1,149,1,181,16),
(5,5,31,1,164,1),
(7,7,23,1,140,16),
(13,9,13,1,50,1),
(1,1,151,1,50,2),
(3,3,51,1,4,8),
(9,3,17,1,12,17),
(9,3,17,1,53,-13),
(9,9,19,1,91,2),
(1,1,153,1,167,6),
(3,1,51,1,91,6),
(3,1,51,1,224,-9),
(5,3,31,1,20,6),
(5,3,31,1,105,-9),
(9,1,17,1,118,-9),
(9,1,17,1,273,6),
(11,7,15,1,143,-9),
(11,7,15,1,152,6),
(13,13,15,1,32,6),
(1,0,154,1,97,-3),
(2,0,77,1,83,-3),
(5,2,31,1,44,-3),
(5,2,31,1,224,12),
(7,0,22,1,125,-3),
(10,8,17,1,115,12),
(10,8,17,1,243,-3),
(11,0,14,1,41,-3),
(1,0,155,1,32,10),
(2,2,78,1,82,-10),
(3,2,52,1,122,-5),
(3,2,52,1,123,10),
(4,2,39,1,164,-5),
(4,2,39,1,255,10),
(5,0,31,1,117,-5),
(6,2,26,1,244,20),
(6,2,26,1,246,-10),
(9,8,19,1,13,-20),
(9,8,19,1,249,-5),
(10,10,18,1,106,20),
(12,2,13,1,211,-20),
(12,2,13,1,215,10),
(12,10,15,1,223,-5),
(12,10,15,1,238,-5),
(1,1,156,1,91,5),
(2,1,78,1,182,-10),
(2,1,78,1,269,-10),
(3,1,52,1,265,-10),
(3,1,52,1,273,-25),
(4,1,39,1,87,20),
(4,1,39,1,261,5),
(6,1,26,1,253,20),
(6,1,26,1,269,20),
(6,5,27,1,23,-10),
(6,5,27,1,182,20),
(7,7,24,1,72,-10),
(8,7,21,1,168,-25),
(8,7,21,1,201,5),
(9,5,18,1,173,-10),
(9,5,18,1,273,5),
(11,9,16,1,30,20),
(11,9,16,1,56,-10),
(12,1,13,1,229,-10),
(12,1,13,1,261,-10),
(12,7,14,1,163,-10),
(12,7,14,1,252,20),
(1,0,156,1,126,-23),
(2,0,78,1,25,4),
(3,0,52,1,101,22),
(4,0,39,1,50,7),
(4,4,40,1,21,20),
(5,4,32,1,216,7),
(5,4,32,1,234,7),
(6,0,26,1,75,4),
(8,4,20,1,42,-10),
(8,4,20,1,124,-10),
(10,4,16,1,155,-11),
(10,4,16,1,191,-11),
(11,6,15,1,19,7),
(11,6,15,1,36,7),
(12,0,13,1,127,-23),
(12,12,16,1,224,5),
(1,0,157,1,109,-10),
(2,2,79,1,134,20),
(7,4,23,1,123,20),
(7,4,23,1,202,-25),
(13,10,14,1,4,-10),
(13,10,14,1,114,20),
(1,1,159,1,128,-7),
(3,1,53,1,55,-7),
(3,1,53,1,107,-7),
(5,5,33,1,155,8),
(7,3,23,1,102,8),
(7,3,23,1,211,-7),
(9,7,19,1,197,-7),
(9,7,19,1,240,8),
(11,5,15,1,28,8),
(11,5,15,1,64,-7),
(1,1,160,1,8,-6),
(2,1,80,1,16,9),
(2,1,80,1,29,-6),
(3,3,54,1,234,12),
(4,1,40,1,32,-6),
(4,1,40,1,58,9),
(5,1,32,1,40,-6),
(5,1,32,1,211,9),
(6,3,27,1,191,-18),
(6,3,27,1,209,12),
(8,1,20,1,64,9),
(8,1,20,1,116,-6),
(9,3,18,1,148,12),
(9,3,18,1,175,-3),
(9,9,20,1,5,9),
(10,1,16,1,80,9),
(10,1,16,1,145,-6),
(10,9,18,1,194,-6),
(10,9,18,1,221,-6),
(12,9,15,1,99,-3),
(12,9,15,1,122,-18),
(1,0,160,1,95,6),
(2,0,80,1,87,-9),
(4,0,40,1,103,-6),
(4,4,41,1,168,6),
(5,0,32,1,79,6),
(7,2,23,1,146,-9),
(7,2,23,1,155,-9),
(8,0,20,1,71,-6),
(8,8,22,1,14,21),
(10,0,16,1,119,-9),
(11,8,16,1,188,-9),
(11,8,16,1,227,-9),
(13,6,13,1,61,6),
(14,12,14,1,96,21),
(1,1,161,1,190,13),
(7,1,23,1,67,-2),
(7,1,23,1,222,13),
(1,0,161,1,116,-10),
(2,2,81,1,43,5),
(3,2,54,1,115,5),
(3,2,54,1,203,5),
(5,4,33,1,121,20),
(5,4,33,1,265,5),
(6,2,27,1,129,-10),
(6,2,27,1,230,5),
(7,0,23,1,19,-10),
(9,2,18,1,55,-10),
(9,2,18,1,68,5),
(10,6,17,1,23,5),
(10,6,17,1,107,-25),
(11,4,15,1,29,5),
(11,4,15,1,100,-10),
(14,14,15,1,121,5),
(1,0,164,1,82,5),
(2,0,82,1,113,0),
(3,2,55,1,38,5),
(3,2,55,1,244,-10),
(4,0,41,1,51,-10),
(4,4,42,1,181,15),
(5,2,33,1,222,5),
(5,2,33,1,248,-10),
(6,4,28,1,133,-15),
(6,4,28,1,223,15),
(7,4,24,1,109,-10),
(7,4,24,1,214,20),
(8,4,21,1,85,-10),
(8,4,21,1,205,-10),
(9,8,20,1,103,-10),
(9,8,20,1,229,-10),
(10,8,18,1,39,0),
(10,8,18,1,176,15),
(11,2,15,1,47,5),
(11,2,15,1,156,5),
(12,4,14,1,169,0),
(12,4,14,1,266,-15),
(12,8,15,1,45,-10),
(12,8,15,1,213,20),
(1,0,165,1,18,-1),
(2,2,83,1,71,14),
(3,0,55,1,54,14),
(5,0,33,1,90,-16),
(6,6,29,1,45,-16),
(10,10,19,1,54,14),
(11,0,15,1,79,14),
(13,4,13,1,91,-1),
(1,1,167,1,151,-5),
(11,9,17,1,48,-5),
(11,9,17,1,147,-5),
(13,3,13,1,22,-5),
(1,1,168,1,106,0),
(2,1,84,1,187,0),
(2,1,84,1,212,0),
(3,1,56,1,41,0),
(3,1,56,1,142,15),
(4,1,42,1,97,0),
(4,1,42,1,147,0),
(5,3,34,1,206,-15),
(5,3,34,1,242,0),
(6,1,28,1,7,-15),
(6,1,28,1,82,0),
(6,5,29,1,60,0),
(6,5,29,1,64,0),
(7,1,24,1,188,30),
(7,1,24,1,239,0),
(8,1,21,1,17,-15),
(8,1,21,1,194,0),
(9,7,20,1,162,-15),
(9,7,20,1,267,30),
(10,3,17,1,135,15),
(10,3,17,1,207,0),
(10,7,18,1,112,0),
(10,7,18,1,180,-15),
(11,11,18,1,26,0),
(12,1,14,1,14,-15),
(12,1,14,1,164,0),
(12,7,15,1,79,0),
(12,7,15,1,216,0),
(14,13,15,1,105,0),
(14,13,15,1,245,0),
(1,1,169,1,88,15),
(3,3,57,1,188,-6),
(5,5,35,1,129,0),
(7,5,25,1,207,15),
(7,5,25,1,236,-15),
(9,3,19,1,10,-15),
(9,3,19,1,19,0),
(9,9,21,1,83,-6),
(13,1,13,1,36,0),
(1,0,169,1,38,24),
(2,2,85,1,133,-21),
(5,2,34,1,194,-21),
(5,2,34,1,197,9),
(10,2,17,1,111,24),
(10,2,17,1,117,-6),
(13,0,13,1,60,-2),
(1,0,171,1,14,-2),
(2,2,86,1,72,-16),
(3,0,57,1,42,7),
(4,2,43,1,17,13),
(4,2,43,1,144,13),
(5,4,35,1,74,-17),
(5,4,35,1,100,-2),
(6,6,30,1,52,-4),
(7,4,25,1,140,-2),
(7,4,25,1,159,13),
(9,0,19,1,126,13),
(9,6,20,1,78,-2),
(9,6,20,1,171,-2),
(10,6,18,1,179,14),
(10,6,18,1,190,14),
(11,8,17,1,108,-17),
(11,8,17,1,250,-2),
(12,6,15,1,104,7),
(12,6,15,1,228,-8),
(14,10,14,1,165,-16),
(1,1,172,1,149,-2),
(2,1,86,1,21,13),
(2,1,86,1,227,-17),
(3,3,58,1,55,-2),
(4,1,43,1,42,-2),
(4,1,43,1,177,13),
(6,3,29,1,110,13),
(6,3,29,1,186,-17),
(8,7,23,1,114,-2),
(8,7,23,1,247,-17),
(12,9,16,1,8,-2),
(12,9,16,1,78,13),
(1,1,174,1,175,-10),
(2,1,87,1,73,20),
(2,1,87,1,83,-10),
(3,1,58,1,248,5),
(3,1,58,1,263,20),
(4,3,44,1,13,-10),
(4,3,44,1,31,20),
(5,5,36,1,239,5),
(6,1,29,1,219,-25),
(6,1,29,1,249,5),
(6,5,30,1,147,-10),
(6,5,30,1,176,20),
(8,3,22,1,26,5),
(8,3,22,1,62,-10),
(9,5,20,1,82,-10),
(9,5,20,1,264,20),
(10,5,18,1,201,5),
(10,5,18,1,245,-10),
(11,3,16,1,16,-10),
(11,3,16,1,105,5),
(12,5,15,1,17,-10),
(12,5,15,1,75,-10),
(12,11,17,1,66,20),
(12,11,17,1,80,-25),
(1,0,175,1,33,9),
(2,2,88,1,161,-24),
(4,2,44,1,45,6),
(4,2,44,1,169,6),
(5,0,35,1,112,9),
(7,0,25,1,46,9),
(8,2,22,1,61,6),
(8,2,22,1,90,6),
(8,6,23,1,86,9),
(8,6,23,1,263,9),
(10,10,20,1,150,-4),
(11,2,16,1,193,9),
(11,2,16,1,257,9),
(14,14,16,1,158,-24),
(1,0,177,1,83,-28),
(2,2,89,1,25,17),
(3,0,59,1,28,2),
(6,6,31,1,80,2),
(1,1,178,1,134,6),
(2,1,89,1,37,6),
(2,1,89,1,268,-9),
(3,3,60,1,199,9),
(4,3,45,1,67,6),
(4,3,45,1,173,6),
(5,3,36,1,147,6),
(5,3,36,1,153,-9),
(6,3,30,1,121,-6),
(6,3,30,1,239,-6),
(8,5,23,1,119,-9),
(8,5,23,1,218,6),
(9,3,20,1,43,6),
(9,3,20,1,220,-9),
(9,9,22,1,11,6),
(10,3,18,1,17,-9),
(10,3,18,1,29,6),
(10,7,19,1,16,-9),
(10,7,19,1,144,6),
(11,9,18,1,63,-24),
(11,9,18,1,75,6),
(12,3,15,1,201,-6),
(12,3,15,1,242,9),
(13,11,16,1,67,6),
(13,11,16,1,192,6),
(1,1,179,1,43,-15),
(5,5,37,1,9,0),
(11,11,19,1,134,0),
(13,13,17,1,166,-15),
(1,1,180,1,71,1),
(2,1,90,1,142,1),
(2,1,90,1,175,-14),
(3,1,60,1,124,1),
(3,1,60,1,213,-14),
(4,1,45,1,7,1),
(4,1,45,1,73,16),
(5,1,36,1,22,1),
(5,1,36,1,78,16),
(6,1,30,1,149,16),
(6,1,30,1,248,1),
(6,5,31,1,162,1),
(6,5,31,1,231,1),
(7,3,26,1,76,1),
(7,3,26,1,105,1),
(8,7,24,1,13,1),
(8,7,24,1,206,1),
(9,1,20,1,85,1),
(9,1,20,1,95,16),
(10,1,18,1,44,1),
(10,1,18,1,156,-29),
(10,9,20,1,251,1),
(10,9,20,1,261,1),
(12,1,15,1,21,1),
(12,1,15,1,219,1),
(12,7,16,1,32,-14),
(12,7,16,1,158,1),
(13,3,14,1,62,1),
(13,3,14,1,195,-14),
(14,11,15,1,34,1),
(14,11,15,1,113,1),
(1,1,181,1,133,1),
(3,3,61,1,104,1),
(11,5,17,1,145,1),
(11,5,17,1,148,-14),
(1,1,183,1,25,-4),
(3,1,61,1,75,-4),
(3,1,61,1,93,-4),
(5,3,37,1,41,-4),
(7,5,27,1,36,-4),
(7,5,27,1,169,11),
(9,5,21,1,59,11),
(9,5,21,1,165,-4),
(13,7,15,1,101,-4),
(13,7,15,1,194,-4),
(15,13,15,1,83,-4),
(1,1,185,1,115,-3),
(5,1,37,1,21,12),
(5,1,37,1,241,-3),
(11,3,17,1,166,-3),
(11,3,17,1,176,-3),
(1,0,185,1,44,6),
(2,2,93,1,115,6),
(3,2,62,1,34,-9),
(3,2,62,1,100,6),
(5,0,37,1,57,6),
(6,2,31,1,68,-9),
(6,2,31,1,200,-9),
(7,4,27,1,37,-9),
(7,4,27,1,127,6),
(9,4,21,1,5,6),
(9,4,21,1,8,6),
(10,10,21,1,84,-9),
(13,12,17,1,120,-9),
(13,12,17,1,140,6),
(14,10,15,1,11,6),
(14,10,15,1,173,6),
(1,1,186,1,224,-13),
(2,1,93,1,171,17),
(2,1,93,1,243,-13),
(3,1,62,1,118,17),
(3,1,62,1,226,-13),
(4,3,47,1,27,2),
(4,3,47,1,191,17),
(6,1,31,1,175,2),
(6,1,31,1,236,-28),
(6,5,32,1,5,17),
(6,5,32,1,142,17),
(8,5,24,1,97,2),
(8,5,24,1,99,2),
(9,7,22,1,45,2),
(9,7,22,1,68,-13),
(11,7,18,1,55,-13),
(11,7,18,1,237,17),
(12,5,16,1,7,-13),
(12,5,16,1,10,-28),
(12,11,18,1,83,17),
(12,11,18,1,178,2),
(1,0,186,1,22,-10),
(2,0,93,1,44,20),
(3,0,62,1,66,5),
(5,4,38,1,213,5),
(5,4,38,1,268,5),
(6,0,31,1,132,-10),
(10,4,19,1,149,-10),
(10,4,19,1,259,-10),
(11,2,17,1,94,20),
(11,2,17,1,134,5),
(13,6,15,1,4,-10),
(13,6,15,1,51,-10),
(1,1,187,1,83,18),
(3,3,63,1,35,-6),
(7,3,27,1,174,3),
(7,3,27,1,226,3),
(9,3,21,1,105,-6),
(9,3,21,1,251,-6),
(9,9,23,1,168,18),
(11,1,17,1,32,-12),
(11,1,17,1,82,-12),
(1,0,187,1,121,-16),
(2,2,94,1,58,-8),
(4,2,47,1,116,29),
(4,2,47,1,214,-1),
(7,6,28,1,3,-16),
(7,6,28,1,254,-1),
(11,0,17,1,54,29),
(14,6,14,1,6,-8),
(1,0,188,1,94,9),
(2,0,94,1,89,3),
(3,2,63,1,102,-6),
(3,2,63,1,131,-6),
(4,0,47,1,99,-6),
(4,4,48,1,105,-15),
(6,4,32,1,19,-12),
(6,4,32,1,154,3),
(7,2,27,1,121,-6),
(7,2,27,1,238,-6),
(8,4,24,1,113,15),
(8,4,24,1,210,0),
(9,2,21,1,29,9),
(9,2,21,1,116,-6),
(12,4,16,1,31,-15),
(12,4,16,1,38,15),
(12,8,17,1,166,9),
(12,8,17,1,192,9),
(14,12,16,1,100,-12),
(14,12,16,1,107,18),
(1,1,189,1,20,12),
(3,1,63,1,60,-3),
(3,1,63,1,195,-3),
(5,5,39,1,175,-3),
(7,1,27,1,140,12),
(7,1,27,1,178,-3),
(9,1,21,1,31,-3),
(9,1,21,1,180,-3),
(11,9,19,1,155,-3),
(11,9,19,1,209,-3),
(13,5,15,1,178,-3),
(13,5,15,1,191,-3),
(1,0,189,1,75,-5),
(2,2,95,1,224,-5),
(3,0,63,1,52,-8),
(5,2,38,1,6,-5),
(5,2,38,1,96,10),
(6,6,33,1,74,7),
(7,0,27,1,29,-5),
(9,0,21,1,121,-8),
(9,6,22,1,65,10),
(9,6,22,1,111,-5),
(10,2,19,1,12,10),
(10,2,19,1,192,-5),
(11,6,18,1,141,-5),
(11,6,18,1,228,-5),
(14,14,17,1,35,10),
(1,0,190,1,11,12),
(2,0,95,1,22,-18),
(5,0,38,1,55,12),
(10,0,19,1,110,-18),
(1,0,191,1,80,6),
(2,2,96,1,12,4),
(3,2,64,1,18,-9),
(3,2,64,1,233,-9),
(4,2,48,1,24,-11),
(4,2,48,1,126,4),
(5,4,39,1,13,6),
(5,4,39,1,271,6),
(6,2,32,1,36,19),
(6,2,32,1,189,4),
(8,2,24,1,48,-11),
(8,2,24,1,252,-11),
(8,6,25,1,46,6),
(9,8,23,1,34,-9),
(9,8,23,1,62,6),
(10,6,20,1,53,4),
(10,6,20,1,196,-11),
(12,2,16,1,72,-11),
(12,2,16,1,101,19),
(12,10,18,1,28,4),
(12,10,18,1,33,-11),
(13,4,15,1,206,-9),
(15,14,16,1,37,6),
(15,14,16,1,66,6),
(1,1,192,1,119,2),
(2,1,96,1,215,-13),
(2,1,96,1,238,17),
(3,1,64,1,80,17),
(3,1,64,1,184,2),
(4,1,48,1,153,17),
(4,1,48,1,199,-28),
(6,1,32,1,91,17),
(6,1,32,1,160,-13),
(6,5,33,1,4,-13),
(6,5,33,1,63,2),
(8,1,24,1,29,-13),
(8,1,24,1,121,17),
(9,5,22,1,6,17),
(9,5,22,1,233,17),
(11,5,18,1,192,-13),
(11,5,18,1,254,2),
(12,1,16,1,43,17),
(12,1,16,1,182,-28),
(12,7,17,1,24,-28),
(12,7,17,1,220,17),
(13,13,18,1,161,-13),
(1,0,192,1,48,18),
(2,0,96,1,96,0),
(3,0,64,1,133,3),
(4,0,48,1,85,-6),
(4,4,49,1,38,-12),
(6,0,32,1,11,0),
(7,4,28,1,151,3),
(7,4,28,1,205,3),
(8,0,24,1,107,0),
(8,8,26,1,56,0),
(12,0,16,1,22,-6),
(12,12,19,1,164,3),
(13,8,16,1,47,-12),
(13,8,16,1,91,18),
(14,4,14,1,25,0),
(1,0,193,1,102,-3),
(2,2,97,1,83,-3),
(11,8,19,1,130,-3),
(11,8,19,1,132,12),
(1,0,194,1,78,-6),
(2,0,97,1,121,-6),
(3,2,65,1,220,9),
(3,2,65,1,253,9),
(5,2,39,1,182,-6),
(5,2,39,1,237,-6),
(6,4,33,1,22,-6),
(6,4,33,1,87,-6),
(7,6,29,1,13,9),
(7,6,29,1,25,9),
(9,4,22,1,33,-6),
(9,4,22,1,269,-6),
(10,8,21,1,140,-6),
(10,8,21,1,163,9),
(11,4,18,1,21,9),
(11,4,18,1,225,9),
(13,2,15,1,30,-6),
(13,2,15,1,173,9),
(14,8,15,1,62,-6),
(14,8,15,1,196,-6),
(1,1,195,1,182,-4),
(3,1,65,1,106,-4),
(5,1,39,1,79,-4),
(5,1,39,1,269,-4),
(9,7,23,1,179,11),
(9,7,23,1,182,-4),
(13,1,15,1,90,-4),
(13,1,15,1,150,11),
(15,11,15,1,182,11),
(1,1,196,1,84,-15),
(2,1,98,1,168,15),
(2,1,98,1,174,15),
(3,3,66,1,27,-9),
(4,1,49,1,59,-15),
(4,1,49,1,71,-15),
(6,3,33,1,54,21),
(6,3,33,1,97,-9),
(7,1,28,1,34,-15),
(7,1,28,1,55,-15),
(8,7,26,1,155,0),
(8,7,26,1,175,0),
(9,3,22,1,7,-15),
(9,3,22,1,81,15),
(9,9,24,1,64,-9),
(11,3,18,1,99,0),
(11,3,18,1,224,-15),
(12,9,18,1,145,21),
(12,9,18,1,270,-9),
(13,7,16,1,42,15),
(13,7,16,1,148,15),
(14,1,14,1,68,15),
(14,13,17,1,186,15),
(14,13,17,1,188,0),
(1,0,196,1,123,15),
(2,0,98,1,31,-6),
(4,0,49,1,62,0),
(4,4,50,1,50,-21),
(5,4,40,1,159,-15),
(5,4,40,1,201,-15),
(7,0,28,1,30,-5),
(8,4,25,1,100,15),
(8,4,25,1,199,15),
(10,4,20,1,41,9),
(10,4,20,1,125,9),
(13,10,17,1,98,0),
(13,10,17,1,211,0),
(14,0,14,1,60,6),
(2,1,99,1,122,-12),
(2,1,99,1,141,-12),
(3,1,66,1,73,-12),
(3,1,66,1,183,-12),
(4,3,50,1,236,-12),
(4,3,50,1,257,3),
(5,3,40,1,18,-12),
(5,3,40,1,252,-12),
(6,1,33,1,89,18),
(6,1,33,1,146,3),
(6,5,34,1,13,3),
(6,5,34,1,272,-12),
(8,3,25,1,195,18),
(8,3,25,1,237,-12),
(9,1,22,1,219,3),
(9,1,22,1,272,-12),
(10,3,20,1,36,18),
(10,3,20,1,227,3),
(10,7,21,1,21,3),
(10,7,21,1,71,-12),
(11,1,18,1,83,-12),
(11,1,18,1,117,3),
(12,5,17,1,26,3),
(12,5,17,1,267,18),
(12,11,19,1,96,18),
(12,11,19,1,195,3),
(14,7,15,1,44,3),
(14,7,15,1,251,18),
(15,13,16,1,62,-12),
(15,13,16,1,93,18),
(1,0,198,1,47,19),
(2,0,99,1,94,-11),
(3,0,66,1,136,1),
(6,0,33,1,5,1),
(9,0,22,1,131,-11),
(9,6,23,1,77,4),
(9,6,23,1,272,-11),
(11,0,18,1,37,4),
(13,12,18,1,55,19),
(13,12,18,1,129,-11),
(1,1,199,1,158,-2),
(3,3,67,1,2,-2),
(15,15,17,1,89,-2),
(1,1,201,1,28,9),
(3,1,67,1,84,-6),
(3,1,67,1,255,9),
(7,3,29,1,3,9),
(7,3,29,1,16,-6),
(9,5,23,1,76,-6),
(9,5,23,1,261,9),
(11,11,21,1,167,9),
(13,9,17,1,76,9),
(13,9,17,1,119,-6),
(1,0,201,1,125,6),
(2,2,101,1,20,-9),
(3,0,67,1,98,-9),
(5,4,41,1,52,-24),
(5,4,41,1,56,-9),
(6,6,35,1,26,6),
(7,6,30,1,215,-9),
(7,6,30,1,228,-9),
(10,6,21,1,207,6),
(10,6,21,1,228,21),
(14,6,15,1,153,6),
(14,6,15,1,179,6),
(1,0,202,1,101,-23),
(2,0,101,1,75,22),
(7,2,29,1,137,-23),
(7,2,29,1,245,7),
(14,12,17,1,266,7),
(14,12,17,1,271,22),
(1,0,203,1,54,4),
(2,2,102,1,45,-28),
(3,2,68,1,128,-26),
(3,2,68,1,206,4),
(4,2,51,1,90,19),
(4,2,51,1,263,19),
(6,2,34,1,135,2),
(6,2,34,1,256,32),
(7,0,29,1,101,19),
(9,4,23,1,55,4),
(9,4,23,1,270,19),
(12,2,17,1,235,-11),
(12,2,17,1,270,4),
(12,10,19,1,81,-11),
(12,10,19,1,108,-11),
(14,14,18,1,70,-28),
(1,1,204,1,55,7),
(2,1,102,1,110,7),
(2,1,102,1,186,-8),
(3,1,68,1,2,7),
(3,1,68,1,165,-8),
(4,1,51,1,95,7),
(4,1,51,1,220,-23),
(5,5,42,1,122,-23),
(6,1,34,1,4,7),
(6,1,34,1,53,22),
(6,5,35,1,91,-8),
(6,5,35,1,265,-8),
(7,5,30,1,60,-8),
(7,5,30,1,263,7),
(8,7,27,1,87,22),
(8,7,27,1,200,-8),
(9,7,24,1,225,-8),
(9,7,24,1,271,-8),
(10,5,21,1,244,7),
(10,5,21,1,257,7),
(12,1,17,1,8,-23),
(12,1,17,1,106,7),
(12,7,18,1,23,-8),
(12,7,18,1,269,7),
(13,11,18,1,115,22),
(13,11,18,1,146,7),
(14,5,15,1,120,22),
(14,5,15,1,249,-23),
(14,9,16,1,147,7),
(14,9,16,1,216,-8),
(1,1,205,1,104,17),
(3,3,69,1,40,8),
(5,1,41,1,61,2),
(5,1,41,1,243,2),
(7,7,31,1,161,-13),
(9,3,23,1,120,2),
(9,3,23,1,193,2),
(9,9,25,1,210,-13),
(13,13,19,1,73,2),
(1,0,206,1,133,2),
(2,0,103,1,11,2),
(3,2,69,1,104,2),
(3,2,69,1,181,-13),
(5,4,42,1,217,17),
(6,4,35,1,246,2),
(7,4,30,1,10,17),
(7,4,30,1,193,-13),
(9,2,23,1,35,-13),
(9,2,23,1,266,2),
(10,4,21,1,133,2),
(10,4,21,1,157,-13),
(11,10,21,1,212,-13),
(11,10,21,1,236,17),
(14,4,15,1,20,-13),
(14,4,15,1,109,17),
(15,14,17,1,47,2),
(15,14,17,1,164,2),
(1,1,207,1,2,5),
(3,1,69,1,6,5),
(3,1,69,1,275,5),
(9,1,23,1,18,5),
(9,1,23,1,271,5),
(11,3,19,1,51,5),
(11,3,19,1,255,-25),
(1,0,207,1,98,15),
(2,2,104,1,26,-15),
(3,0,69,1,17,0),
(4,2,52,1,52,0),
(6,6,36,1,152,0),
(8,2,26,1,104,-15),
(8,2,26,1,109,30),
(8,6,27,1,18,-15),
(8,6,27,1,228,15),
(9,0,23,1,51,-15),
(9,6,24,1,118,0),
(9,6,24,1,228,0),
(12,6,18,1,27,0),
(12,6,18,1,65,0),
(13,2,16,1,4,15),
(13,2,16,1,169,-15),
(16,14,16,1,134,0),
(1,1,208,1,275,0),
(2,1,104,1,273,0),
(3,3,70,1,275,0),
(4,1,52,1,269,0),
(5,3,42,1,89,0),
(6,3,35,1,273,0),
(7,3,30,1,180,0),
(8,1,26,1,261,-15),
(10,3,21,1,178,0),
(10,7,22,1,195,15),
(11,7,20,1,76,-15),
(12,9,19,1,182,0),
(13,1,16,1,251,15),
(14,3,15,1,83,0),
(14,11,17,1,73,0),
(1,0,208,1,120,5),
(2,0,104,1,37,-20),
(4,0,52,1,74,20),
(4,4,53,1,173,5),
(7,6,31,1,260,20),
(7,6,31,1,267,-10),
(8,0,26,1,129,10),
(8,8,28,1,179,-10),
(11,2,19,1,89,-10),
(11,2,19,1,115,20),
(14,8,16,1,171,-5),
(14,8,16,1,244,-5),
(16,16,17,1,177,-10),
(1,1,209,1,7,0),
(5,5,43,1,11,-15),
(11,1,19,1,25,-15),
(11,1,19,1,77,0),
(13,7,17,1,37,0),
(13,7,17,1,207,0),
(1,0,210,1,40,-22),
(2,0,105,1,80,8),
(3,0,70,1,120,8),
(5,0,42,1,77,-7),
(6,0,35,1,37,-7),
(7,0,30,1,3,-22),
(10,0,21,1,123,8),
(14,0,15,1,6,8),
(1,1,211,1,56,9),
(3,3,71,1,143,9),
(7,5,31,1,137,9),
(7,5,31,1,256,9),
(11,9,21,1,114,-21),
(11,9,21,1,123,9),
(1,0,211,1,129,9),
(2,2,106,1,177,12),
(4,2,53,1,77,-6),
(4,2,53,1,247,-21),
(5,4,43,1,82,9),
(5,4,43,1,240,-6),
(10,6,22,1,198,12),
(10,6,22,1,255,-18),
(11,6,20,1,107,9),
(11,6,20,1,142,-21),
(13,12,19,1,25,9),
(13,12,19,1,91,9),
(1,1,212,1,77,0),
(2,1,106,1,154,0),
(2,1,106,1,204,15),
(4,1,53,1,31,15),
(4,1,53,1,131,-15),
(7,7,32,1,113,15),
(8,7,28,1,19,-15),
(8,7,28,1,50,-15),
(11,11,22,1,150,4),
(14,7,16,1,226,15),
(14,7,16,1,241,-15),
(1,0,213,1,104,-8),
(2,2,107,1,119,22),
(3,0,71,1,35,-8),
(6,6,37,1,75,-8),
(7,4,31,1,27,7),
(7,4,31,1,232,7),
(14,10,17,1,97,7),
(14,10,17,1,212,7),
(1,0,214,1,24,6),
(2,0,107,1,48,-9),
(5,2,43,1,55,6),
(5,2,43,1,106,-9),
(10,8,23,1,186,-9),
(10,8,23,1,187,-9),
(1,1,215,1,3,10),
(5,1,43,1,15,-5),
(5,1,43,1,204,-5),
(7,3,31,1,128,-5),
(7,3,31,1,274,10),
(13,5,17,1,103,-5),
(13,5,17,1,190,10),
(1,0,215,1,137,-12),
(2,2,108,1,165,-8),
(3,2,72,1,268,18),
(4,2,54,1,53,7),
(4,2,54,1,265,22),
(5,0,43,1,131,18),
(6,2,36,1,218,7),
(6,2,36,1,259,-8),
(7,6,32,1,124,3),
(7,6,32,1,274,-12),
(8,2,27,1,106,-12),
(8,6,28,1,23,22),
(8,6,28,1,234,7),
(9,2,24,1,50,18),
(9,2,24,1,250,-12),
(10,10,24,1,19,-8),
(11,8,21,1,57,3),
(11,8,21,1,246,18),
(12,2,18,1,159,7),
(12,2,18,1,241,-8),
(12,10,20,1,189,-8),
(12,10,20,1,226,-8),
(14,6,16,1,248,-8),
(14,6,16,1,271,-8),
(15,10,16,1,144,-27),
(15,10,16,1,167,3),
(1,1,217,1,244,3),
(3,3,73,1,7,-12),
(7,1,31,1,46,3),
(7,1,31,1,88,3),
(13,11,19,1,85,3),
(13,11,19,1,206,-12),
(1,1,218,1,168,-3),
(2,1,109,1,59,-3),
(2,1,109,1,157,12),
(4,3,55,1,155,-3),
(4,3,55,1,268,-18),
(5,3,44,1,58,-3),
(5,3,44,1,263,12),
(7,5,32,1,24,-3),
(7,5,32,1,123,12),
(8,5,28,1,67,27),
(8,5,28,1,101,12),
(10,3,22,1,116,-3),
(10,3,22,1,249,-3),
(10,7,23,1,147,-18),
(10,7,23,1,214,12),
(11,3,20,1,80,-3),
(11,3,20,1,183,-3),
(13,13,20,1,149,-3),
(14,5,16,1,48,-18),
(14,5,16,1,246,-18),
(14,9,17,1,208,-3),
(14,9,17,1,264,12),
(1,0,218,1,51,21),
(2,0,109,1,102,-24),
(3,2,73,1,45,-9),
(3,2,73,1,213,-24),
(6,4,37,1,231,21),
(6,4,37,1,263,-9),
(9,8,26,1,41,6),
(9,8,26,1,257,-9),
(13,8,18,1,90,-9),
(13,8,18,1,125,6),
(1,1,220,1,38,12),
(2,1,110,1,76,-18),
(2,1,110,1,133,-3),
(3,3,74,1,164,-3),
(4,1,55,1,266,12),
(5,1,44,1,190,-3),
(5,1,44,1,194,-3),
(6,3,37,1,51,12),
(8,7,29,1,65,42),
(8,7,29,1,164,-3),
(10,1,22,1,103,12),
(10,1,22,1,111,12),
(10,9,24,1,25,12),
(10,9,24,1,217,-18),
(11,1,20,1,39,-3),
(11,1,20,1,141,-18),
(12,9,20,1,30,-3),
(12,9,20,1,205,-3),
(15,9,16,1,176,-3),
(15,9,16,1,187,-18),
(1,0,220,1,62,1),
(2,0,110,1,124,7),
(4,0,55,1,29,-14),
(4,4,56,1,16,5),
(5,0,44,1,33,1),
(7,4,32,1,28,-14),
(7,4,32,1,145,1),
(8,4,28,1,47,5),
(10,0,22,1,66,7),
(11,0,20,1,128,1),
(13,2,17,1,232,1),
(13,2,17,1,273,1),
(14,4,16,1,13,7),
(14,4,16,1,56,7),
(16,12,16,1,82,-10),
(1,1,221,1,173,-24),
(13,1,17,1,33,6),
(13,1,17,1,81,6),
(1,0,222,1,39,-4),
(2,0,111,1,78,11),
(3,0,74,1,117,-4),
(6,0,37,1,43,-4),
(7,6,33,1,86,11),
(7,6,33,1,216,-4),
(11,6,21,1,56,11),
(11,6,21,1,102,-19),
(13,10,19,1,193,11),
(13,10,19,1,273,-4),
(14,8,17,1,118,-4),
(14,8,17,1,240,-19),
(1,1,224,1,19,20),
(2,1,112,1,38,-25),
(2,1,112,1,192,-10),
(4,1,56,1,76,20),
(4,1,56,1,107,5),
(5,5,46,1,70,-10),
(7,1,32,1,118,20),
(7,1,32,1,133,-10),
(8,1,28,1,152,-10),
(8,1,28,1,214,5),
(10,5,23,1,140,20),
(10,5,23,1,197,5),
(14,1,16,1,236,-10),
(14,1,16,1,266,-10),
(14,13,19,1,5,-25),
(14,13,19,1,213,5),
(1,0,225,1,4,-19),
(2,2,113,1,182,26),
(3,0,75,1,12,-1),
(5,0,45,1,20,6),
(6,6,39,1,23,-1),
(9,0,25,1,36,-4),
(9,6,26,1,173,26),
(10,10,25,1,130,-9),
(13,6,18,1,96,-4),
(13,6,18,1,273,-19),
(17,16,17,1,191,-4),
(1,1,227,1,81,-13),
(13,9,19,1,140,-13),
(13,9,19,1,224,-13),
(1,0,228,1,79,15),
(2,0,114,1,119,-30),
(3,0,76,1,40,-30),
(4,0,57,1,39,30),
(4,4,58,1,167,-15),
(6,0,38,1,80,30),
(8,4,29,1,57,15),
(8,4,29,1,153,15),
(11,10,23,1,144,-15),
(11,10,23,1,253,-15),
(12,0,19,1,117,-15),
(12,12,22,1,12,15),
(1,1,229,1,9,6),
(3,3,77,1,239,-9),
(5,5,47,1,127,-9),
(7,3,33,1,55,6),
(11,3,21,1,126,-9),
(11,3,21,1,230,-9),
(15,15,19,1,181,6),
(1,0,229,1,57,-6),
(2,2,115,1,84,-6),
(5,2,46,1,79,-6),
(5,2,46,1,210,9),
(7,6,34,1,170,-21),
(7,6,34,1,172,9),
(10,2,23,1,143,9),
(10,2,23,1,158,-6),
(14,6,17,1,63,24),
(14,6,17,1,67,9),
(1,1,230,1,122,13),
(2,1,115,1,244,-17),
(2,1,115,1,257,-2),
(4,3,58,1,202,-2),
(4,3,58,1,223,13),
(5,1,46,1,56,-2),
(5,1,46,1,227,-2),
(8,3,29,1,169,-2),
(10,1,23,1,112,-2),
(10,1,23,1,177,13),
(10,9,25,1,207,13),
(10,9,25,1,258,13),
(11,7,22,1,54,13),
(11,7,22,1,59,-2),
(13,11,20,1,231,-17),
(16,13,17,1,11,-2),
(16,13,17,1,86,-17),
(1,0,230,1,77,12),
(2,0,115,1,123,12),
(3,2,77,1,29,-3),
(3,2,77,1,212,-3),
(5,0,46,1,108,-3),
(6,4,39,1,35,-3),
(6,4,39,1,249,-3),
(7,2,33,1,33,12),
(7,2,33,1,160,-3),
(9,4,26,1,191,-3),
(9,4,26,1,235,-3),
(10,0,23,1,61,-3),
(13,4,18,1,122,-3),
(13,4,18,1,124,-3),
(14,12,19,1,161,-3),
(14,12,19,1,232,12),
(15,10,17,1,129,12),
(15,10,17,1,180,-18),
(1,1,231,1,127,-2),
(3,1,77,1,104,-2),
(3,1,77,1,155,-2),
(7,1,33,1,58,-17),
(7,1,33,1,177,13),
(9,7,27,1,40,-2),
(9,7,27,1,247,28),
(11,1,21,1,12,-2),
(11,1,21,1,199,13),
(13,13,21,1,80,-17),
(1,1,233,1,53,16),
(5,3,47,1,192,1),
(7,7,35,1,52,2),
(11,9,23,1,53,1),
(11,9,23,1,55,16),
(17,15,17,1,153,-14),
(1,1,235,1,79,-1),
(3,3,79,1,56,-1),
(5,1,47,1,47,14),
(5,1,47,1,118,14),
(13,7,19,1,189,-1),
(13,7,19,1,248,-1),
(1,1,236,1,80,-7),
(2,1,118,1,63,8),
(4,1,59,1,43,23),
(4,1,59,1,126,8),
(7,3,34,1,42,8),
(7,3,34,1,129,-7),
(8,7,31,1,46,-7),
(8,7,31,1,61,23),
(11,5,22,1,86,23),
(11,5,22,1,153,8),
(14,3,17,1,84,23),
(14,3,17,1,258,-7),
(14,11,19,1,114,-37),
(14,11,19,1,177,-7),
(16,9,16,1,141,-22),
(1,0,236,1,132,3),
(2,0,118,1,13,10),
(4,4,60,1,44,-1),
(5,4,48,1,55,3),
(5,4,48,1,245,-12),
(6,4,40,1,17,-20),
(6,4,40,1,66,10),
(7,6,35,1,20,3),
(8,4,30,1,88,10),
(8,4,30,1,115,-20),
(9,8,28,1,114,18),
(10,4,24,1,110,10),
(10,4,24,1,213,10),
(12,4,20,1,34,-1),
(12,4,20,1,132,-1),
(12,8,21,1,151,-12),
(14,8,18,1,85,10),
(14,8,18,1,130,-20),
(15,4,16,1,165,3),
(15,4,16,1,181,18),
(15,14,19,1,123,-12),
(15,14,19,1,197,3),
(16,12,17,1,41,18),
(16,12,17,1,219,-27),
(1,1,237,1,75,13),
(3,1,79,1,59,-2),
(3,1,79,1,225,-17),
(9,5,27,1,94,-2),
(9,5,27,1,111,13),
(1,0,237,1,43,-2),
(2,2,119,1,61,13),
(3,0,79,1,129,13),
(6,6,41,1,177,-2),
(7,2,34,1,39,13),
(7,2,34,1,75,-32),
(11,8,23,1,183,13),
(11,8,23,1,190,-32),
(13,12,21,1,108,28),
(13,12,21,1,208,-2),
(14,2,17,1,78,-2),
(14,2,17,1,150,28),
(1,1,238,1,86,8),
(2,1,119,1,172,8),
(2,1,119,1,240,-22),
(3,3,80,1,10,-22),
(4,3,60,1,198,8),
(5,3,48,1,109,8),
(5,3,48,1,116,23),
(6,3,40,1,20,38),
(6,3,40,1,250,-7),
(7,1,34,1,9,-7),
(8,3,30,1,119,8),
(8,3,30,1,241,8),
(10,3,24,1,218,-7),
(10,3,24,1,232,-7),
(10,7,25,1,43,-7),
(10,7,25,1,134,-7),
(12,3,20,1,40,-22),
(12,3,20,1,223,23),
(14,1,17,1,18,-7),
(14,1,17,1,96,8),
(14,13,20,1,15,-7),
(14,13,20,1,109,8),
(15,3,16,1,50,8),
(15,3,16,1,71,-22),
(1,0,238,1,115,22),
(2,0,119,1,47,-23),
(7,0,34,1,26,22),
(11,4,22,1,136,-23),
(11,4,22,1,166,22),
(13,6,19,1,163,-8),
(13,6,19,1,172,22),
(14,0,17,1,52,-8),
(1,0,241,1,46,2),
(2,2,121,1,158,-13),
(5,4,49,1,34,-13),
(5,4,49,1,209,-13),
(7,4,35,1,71,-13),
(7,4,35,1,103,-13),
(10,6,25,1,122,17),
(10,6,25,1,188,17),
(11,2,22,1,38,2),
(11,2,22,1,113,2),
(14,10,19,1,14,2),
(14,10,19,1,175,2),
(2,1,121,1,226,-38),
(2,1,121,1,241,7),
(4,3,61,1,85,-8),
(4,3,61,1,142,22),
(8,5,31,1,56,7),
(11,1,22,1,79,-38),
(11,1,22,1,135,22),
(16,11,17,1,207,22),
(16,11,17,1,216,-8),
(1,0,243,1,135,24),
(2,2,122,1,60,-18),
(3,0,81,1,128,-6),
(4,2,61,1,120,-6),
(4,2,61,1,216,9),
(6,6,42,1,129,12),
(7,6,36,1,12,9),
(7,6,36,1,34,9),
(9,0,27,1,107,-3),
(9,6,28,1,55,24),
(9,6,28,1,202,-36),
(12,6,21,1,177,-6),
(12,6,21,1,258,-6),
(13,4,19,1,154,-6),
(13,4,19,1,254,9),
(14,6,18,1,24,12),
(14,6,18,1,68,-18),
(1,1,244,1,136,-2),
(2,1,122,1,89,-17),
(2,1,122,1,272,-2),
(3,3,82,1,77,13),
(4,1,61,1,178,13),
(4,1,61,1,267,28),
(5,5,50,1,21,-12),
(6,3,41,1,154,-17),
(6,3,41,1,204,13),
(8,7,32,1,128,13),
(8,7,32,1,244,-17),
(10,5,25,1,42,3),
(10,5,25,1,124,3),
(11,9,24,1,106,-17),
(11,9,24,1,136,-2),
(12,9,22,1,166,-2),
(13,13,22,1,40,28),
(16,7,16,1,211,-17),
(1,1,247,1,46,6),
(3,3,83,1,70,6),
(7,7,37,1,30,6),
(11,5,23,1,96,6),
(11,5,23,1,241,6),
(13,1,19,1,44,-9),
(13,1,19,1,58,-9),
(2,2,124,1,155,0),
(4,2,62,1,101,30),
(8,2,31,1,66,15),
(8,2,31,1,202,-15),
(8,6,32,1,161,0),
(8,6,32,1,237,0),
(13,0,19,1,64,15),
(16,6,16,1,45,-15),
(16,10,17,1,140,-15),
(1,1,248,1,163,13),
(2,1,124,1,49,-17),
(2,1,124,1,123,13),
(4,1,62,1,98,-2),
(4,1,62,1,246,-17),
(5,3,50,1,233,-17),
(5,3,50,1,260,13),
(8,1,31,1,215,-2),
(10,3,25,1,243,-17),
(10,7,26,1,159,13),
(10,7,26,1,171,-17),
(13,7,20,1,179,28),
(13,7,20,1,250,-17),
(16,15,19,1,57,13),
(16,15,19,1,88,-2),
(1,0,248,1,45,-5),
(2,0,124,1,90,12),
(3,2,83,1,41,25),
(3,2,83,1,256,10),
(4,0,62,1,97,-18),
(4,4,63,1,54,-5),
(6,4,42,1,64,-18),
(6,4,42,1,81,-3),
(7,4,36,1,167,10),
(7,4,36,1,233,10),
(8,0,31,1,83,25),
(8,8,33,1,73,-5),
(9,4,28,1,96,-5),
(9,4,28,1,260,-5),
(11,8,24,1,135,-5),
(11,8,24,1,234,10),
(12,4,21,1,128,-5),
(12,4,21,1,162,-5),
(12,8,22,1,79,12),
(12,8,22,1,248,-3),
(13,10,21,1,207,-5),
(13,10,21,1,241,-5),
(14,4,18,1,57,-3),
(14,4,18,1,189,-3),
(3,1,83,1,76,-14),
(3,1,83,1,211,1),
(5,5,51,1,213,1),
(9,7,29,1,141,-14),
(15,5,17,1,85,1),
(15,5,17,1,208,16),
(1,0,249,1,36,-4),
(2,2,125,1,28,11),
(3,0,83,1,108,-19),
(5,2,50,1,70,11),
(5,2,50,1,74,-4),
(10,2,25,1,140,-4),
(10,2,25,1,148,-4),
(11,4,23,1,116,-4),
(11,4,23,1,209,-19),
(15,12,19,1,9,11),
(1,0,250,1,76,6),
(2,0,125,1,125,6),
(5,0,50,1,103,6),
(7,6,37,1,199,21),
(7,6,37,1,265,6),
(10,0,25,1,71,6),
(11,10,25,1,95,21),
(11,10,25,1,237,6),
(13,12,22,1,93,6),
(13,12,22,1,259,-24),
(14,8,19,1,23,6),
(14,8,19,1,239,-24),
]
